10000
100058
100110
100238
100284
100439
100747
100751
100829
100885
101021
101023
101059
101112
101116
101127
101164
101424
101440
101474
101776
101815
101825
101920
102040
102105
102150
102258
102309
102385
102619
10292
102942
103030
103076
103220
103254
103294
103413
103490
103599
104059
104134
104147
104164
104179
104238
104297
104383
104473
10449
104558
104611
104676
104696
104922
104951
10507
105280
105316
105326
105448
105507
105524
105566
105613
105822
105893
105907
105928
105933
105987
106071
106095
106114
106157
106389
106672
106688
106771
107064
107204
107276
107334
107356
107368
107397
107495
107552
107702
107779
107819
108266
108479
108525
108627
10884
108857
108892
108942
109032
10907
109109
109223
10926
109385
109390
109472
109810
109958
109958
109991
110020
110085
110140
110151
110195
110213
11026
110324
110412
110570
110593
110640
110656
11106
111119
111166
111318
111372
111461
111834
111990
112155
112166
112350
112527
112542
112803
112861
11319
113226
11333
113534
113585
11366
113803
113811
114044
114123
114316
114342
114495
1145
114762
114793
1148
114834
11484
115002
115182
115196
115216
115340
115354
115536
115595
11576
115789
11589
115907
11591
11602
116056
116257
116367
116406
116414
116415
116427
116479
116510
116627
116630
116915
116959
117010
117040
117324
117346
117403
117423
117489
117551
117686
117970
117988
117988
117991
117998
118273
118275
118357
118625
118696
118717
118739
118932
119101
119162
119294
119300
119396
119582
119602
119637
119693
1200
120183
120284
120473
120714
120790
120972
12106
121088
121120
121317
121538
121550
121570
121595
121722
121859
121934
121956
122059
122074
122106
122315
122554
122566
122610
12273
122761
122816
12286
122860
122866
123005
123266
123314
123315
123365
123667
123685
12370
123773
123840
12395
124034
124072
124090
124252
124340
124421
124435
12455
124626
124944
124962
125047
125335
125446
125496
125538
125709
126473
126509
126573
126593
126603
126724
126776
126836
126894
126916
127376
127568
12781
127840
127859
127906
12805
12816
128269
128332
128371
128372
128567
128572
128733
128850
128910
128932
128942
129102
129145
129291
129369
129497
129569
129610
129675
129743
129765
129946
13016
13017
130177
130276
130452
130489
130501
130522
130649
130760
130808
13084
130867
13089
130900
130921
130951
130968
131087
131134
131233
131331
131398
131473
131500
131671
131735
131855
131869
131921
131924
131927
131960
132046
132178
132306
132361
132462
132640
132665
132697
13282
132893
133000
133002
133128
13326
133299
133311
133366
133411
133479
133616
133649
133698
133736
133955
134063
134128
134198
134245
13437
134475
134561
134617
134656
134671
134718
134808
134840
134864
134878
134915
134992
135074
135192
135192
13547
135470
135626
135639
135652
135727
13590
135994
136170
136431
136588
136629
136715
136725
136788
137046
137116
137469
13752
137749
137936
13797
138083
138412
138485
138493
138532
138686
139000
139008
139274
139334
139517
139658
139667
139751
139791
139877
139883
139983
14017
140209
14023
140624
140645
140676
140726
140731
140769
140829
140854
140902
140941
141061
141233
141235
141345
14135
141600
141608
14161
14173
141850
141934
141991
142026
142082
142142
142198
14232
142695
142838
142849
142931
142963
143015
143455
143524
143608
143709
143806
144054
144128
144227
144250
144251
144280
144504
144514
144613
144648
144765
144883
144968
14500
145008
145077
145297
145386
145531
145795
145880
1459
145911
145934
146003
146148
146151
146198
146253
146344
14637
14639
146521
146575
147434
14746
147563
147667
147676
147708
147749
147890
147926
148003
148008
14816
148199
148220
148252
148318
148324
148377
148381
148401
148493
148747
148823
148921
148973
148976
149064
149132
149327
149365
149456
149514
149673
149703
149730
149773
149778
149870
149891
149952
149973
149992
150021
150087
150090
150118
150354
150628
150686
150994
15116
151289
151457
151586
15176
151778
151807
151850
152025
152044
152063
152083
152095
152371
15263
152657
152908
152992
153112
153206
153363
15344
153460
153511
153613
153625
153657
153874
153929
15394
154025
154349
154585
154806
154812
154974
155149
15518
155259
15533
155333
155423
155570
155746
155861
155880
155965
155998
156323
156428
156430
156430
15660
156629
156691
156750
156757
156760
156853
156982
157173
157368
157385
157441
15745
157613
157625
1577
157761
157826
15786
157927
157942
157963
158002
158458
158462
158620
158630
158770
158815
158907
158946
159209
159282
159400
159545
159684
159726
159750
1599
159979
160092
160171
160207
160222
160322
160362
160427
160600
160664
160716
160778
160953
161119
16114
161194
161197
161343
1615
161632
161776
161787
161939
162177
162285
162434
162457
162609
162616
162674
162794
162819
162921
162924
163028
163073
163163
163451
163692
163756
164172
16434
164352
164358
164512
164539
164594
164627
164717
164983
165018
165027
165029
165201
165337
165352
165476
165515
165616
165683
165700
165728
165990
166254
166286
166481
166646
166689
16690
16690
167031
167143
167197
167294
167496
167511
167660
167790
168028
168156
1685
168925
16893
168956
16910
169138
169227
169315
169322
169323
169643
169684
169979
170058
170066
170200
170266
170350
170392
170484
170498
170617
170649
170752
170771
170777
170997
171121
171165
171247
171480
171542
171550
171582
171595
171885
17202
172200
172300
172346
172438
172497
17267
172718
172733
172795
172850
172860
172872
173062
173105
173337
173345
173398
173751
173758
173782
17386
173861
173908
173938
173997
174001
17425
174319
174434
174444
174526
174663
174688
174711
174739
174792
174837
174969
175086
175228
175320
175369
175414
175584
175730
175776
175902
175934
175988
176160
176191
17629
176303
176573
176648
176769
176791
176820
177169
177170
177195
177332
177413
177457
177619
17791
178074
178094
178102
178109
178286
178322
178458
178497
178617
178622
178768
178939
178963
179013
179161
179215
179291
179478
179577
179718
179871
179998
180003
180033
180138
180185
180203
180279
180395
180476
180618
180659
180677
18073
180831
180908
181124
181135
181195
181367
181441
18147
181587
181870
181955
181986
18202
182062
182080
182092
182122
182376
18240
182411
182438
182611
182938
183043
183200
183346
183700
18373
183758
183808
183968
183970
184055
1841
184404
184440
184465
184469
184603
18465
184872
18497
185115
185257
185276
185286
18545
185493
185584
185607
185730
186091
186197
186245
186366
186381
186536
186673
186705
186793
186896
186940
18712
187132
187191
187274
187372
187412
187459
187592
187697
187708
187820
188009
18806
188062
188200
188261
188269
188308
188528
188539
188592
188880
188889
189051
189175
189207
189301
189304
189304
189330
189420
189451
18958
189627
189716
189731
189733
189762
19013
190149
190176
190292
190380
190491
190559
190613
19066
190677
19076
190788
191053
191059
191183
191217
191286
191320
191357
19139
191393
191522
191847
191933
192015
192041
192300
192353
192450
192552
192557
192626
192736
192755
19281
192827
192868
192922
192957
193024
193056
19313
193272
19344
193535
193539
193601
193624
19365
193809
193962
194306
194339
194556
194728
194880
194999
195432
195672
19572
195721
195856
196035
196101
196126
196193
196230
196258
196657
19673
196783
196819
19690
196917
196946
196951
197269
197341
197363
197390
197463
197472
197563
197576
197699
198051
198222
19829
198383
198395
198516
198637
198690
198731
198761
198886
198900
198941
199022
199027
199084
199116
199118
199335
199499
199529
199624
199927
200051
200109
200118
200179
200215
200267
200289
200527
200574
200578
200669
200709
200839
201084
201138
201390
201397
201445
201594
201599
201770
201772
201889
202176
202313
202390
202397
202481
202514
20260
202647
202818
203036
203389
203450
203511
203520
203538
203595
203713
203793
203896
204025
20411
204162
204187
204225
204434
204822
204889
204911
204913
204930
205126
205136
205573
205599
205607
205907
205948
205956
205956
206139
206245
206286
206465
206484
206508
206632
206706
206730
206756
206770
206802
206984
207031
207160
207218
207242
20739
207489
207754
207841
207933
207973
207999
208120
208316
208329
208394
208535
208639
208680
208839
208884
20903
209329
209401
209525
209549
209765
20980
209832
209864
209973
209988
210005
210059
210281
210326
210349
2105
210673
210736
210762
210864
210903
210964
211039
211218
211233
21127
211279
211337
211404
211468
211482
211522
211595
2116
211684
211690
211714
211834
211879
211976
212027
212100
21230
212307
212434
212476
21250
212628
212641
212649
212677
212690
212702
212952
213002
213002
213010
213017
213033
2131
213148
213204
213362
213368
213479
213792
214091
214349
21441
214417
214661
21499
215059
215110
215405
215666
215900
215917
21599
215990
216020
216102
21626
216306
216554
217227
217282
21734
217570
217652
217672
217941
218187
218241
218247
218364
218466
218551
218552
218601
218630
218687
218710
219048
219180
219307
219391
219425
21946
219518
219786
219947
219948
220163
220172
220259
22030
220365
220388
220461
220792
220830
220837
220981
221003
221026
221042
221062
221079
221136
221209
221217
221396
221675
221691
221801
221841
22186
221910
222019
222035
222310
222326
222329
22242
22263
222658
222913
22309
223096
223131
223205
223366
223514
223701
223723
223761
223815
223851
224244
224301
224405
224718
22484
224854
225028
22503
225170
225482
225515
225519
225812
226000
226225
226320
226376
226395
226466
226533
226538
226573
227000
227151
227204
227221
227327
227340
227355
227424
227446
227458
227520
227670
227777
227901
228164
228425
228426
228827
228851
228920
228942
228965
228965
228993
229005
22915
229243
229405
229410
229500
229535
229636
229676
229721
229734
229987
230204
230281
230466
230483
23056
230596
230832
230864
231006
231079
231099
231187
231298
231728
231914
23195
232025
232081
232542
232701
232758
232766
232867
232877
232941
23305
233095
233249
233277
233406
233432
233488
233577
233654
233854
2339
23403
234119
234298
234355
234383
234478
234522
234523
234764
234784
2348
234849
235035
235048
235144
235192
23527
235298
23551
235514
235521
235529
235627
235643
235798
235805
235874
235909
235921
235953
236
236039
236067
236497
23651
236598
23662
236800
236827
237082
237104
237143
237271
237328
237350
237358
237413
23773
237738
237790
237970
238014
238117
238231
238244
23825
238255
23832
238394
238442
238476
238484
238601
238721
238721
238938
239010
239025
239041
239112
239257
239312
239361
239524
239558
239881
23999
240118
240189
240213
240390
240401
240436
240476
240493
240563
240608
240610
240671
240692
240789
24086
240863
241019
241027
241375
241599
241728
241987
241990
242038
242197
242199
242269
242477
242503
242552
242685
242849
242893
243002
243040
243231
24324
243280
243320
243540
243554
243587
243598
243710
243834
243834
243839
24403
244142
244232
244569
244582
244612
244742
244773
244818
244820
244952
244990
244993
24500
24500
245043
245108
245189
245234
245290
245302
245415
245449
245514
245619
245736
245798
245823
245950
245985
246065
246306
246425
246493
246532
246572
246647
246780
246916
246955
247029
247102
247286
247409
247504
247520
247667
247776
247798
247857
248029
248046
248058
248068
248463
248480
248727
248751
248926
24902
24916
249167
249251
249289
249433
249472
249711
249842
249848
249970
249978
250081
250085
250141
250474
2505
250623
25064
250710
250801
250963
251044
25110
251162
251352
251400
251536
251537
251632
251715
251729
252109
252160
252270
25231
252480
252566
252569
252583
252757
252770
252909
252948
253029
253045
253052
253119
253174
253200
253501
253538
25377
254250
254303
254510
254512
254912
254953
254997
255040
255169
2552
255370
255528
255537
255569
255571
255598
255645
255681
255685
255745
255789
256066
256172
256212
256452
256525
256588
256639
256692
256972
256998
257022
2573
257396
257589
257652
257791
257812
258097
258149
258308
258323
258474
258554
258573
258608
258639
258646
258876
258916
258971
259141
259246
259370
259470
259553
259620
259727
259789
259964
260300
260341
260375
260376
260487
260536
260573
260659
260754
260861
260880
260895
260967
261086
261099
261158
261257
261382
261464
261547
261652
261667
261747
261802
261806
261915
261935
261983
262056
262105
26211
26211
26215
262188
262202
262242
262268
262532
262581
262739
262764
262828
262871
262976
263044
263073
263237
26329
263357
263484
263618
263620
263707
263799
263839
263970
263972
264603
264716
264771
264853
265040
265067
265147
265173
265407
265495
265509
265624
265880
265959
266093
266139
266197
266210
266422
26647
266853
266899
267008
267155
267289
267320
267414
267453
26760
267602
267636
267833
26801
268335
268498
26854
26864
268696
268777
268782
268820
268895
268901
26914
269265
269409
26943
269499
269627
269765
269874
270124
270149
270171
270206
270239
270426
27043
270695
27070
270746
270949
271006
271070
271306
271538
271656
271758
27186
271997
272064
272121
272122
272160
272167
272179
272338
272351
272568
272597
272598
272607
272610
272635
272961
273026
273099
27310
27323
273295
273316
273330
273578
273580
273744
273770
273770
273848
27394
273970
274081
274132
274240
274431
274466
274510
274535
274572
274667
274705
274743
274848
274993
275134
275224
27523
275329
275359
275445
275610
275620
275651
275694
275701
275717
275770
275871
276041
276102
276198
276243
276534
276616
276861
27693
276971
276974
277055
277282
277380
277433
277527
277539
277624
277707
277781
278077
278219
278245
278250
278562
278862
278881
278947
27900
279173
279246
279270
279270
279297
279322
279386
279405
279594
279597
279625
279642
279656
27966
279664
279902
279960
28005
280104
280154
280224
280273
280425
280478
28052
280553
280556
280595
280814
280837
281009
281108
281147
281242
281274
281491
281557
281562
281686
28171
281783
281867
281903
28192
281954
282036
282168
282175
282509
282678
282680
28301
283049
28331
283377
283389
283520
283628
283807
283981
284007
284039
28405
284063
284080
284317
284349
284410
284422
284456
284461
284471
284483
284484
284491
284751
284772
284799
284870
284897
284932
284982
285054
28518
285233
285566
285604
285618
285623
285683
285690
285810
285865
286076
286086
286153
286236
286528
286645
286738
28698
286990
287087
287179
287364
287373
287380
287517
287518
287576
287589
287679
287701
287738
287789
287805
2879
287984
288109
288118
288147
288337
288339
288427
288451
288586
288598
288779
288805
288898
288979
289006
289057
289135
289171
289356
289412
289453
289508
289765
289887
289923
289932
289942
289949
289971
290228
290314
290376
290419
290475
290540
290776
290866
290868
290949
291005
291075
291151
291271
291335
291363
291531
291531
291574
291735
291758
291771
291778
291877
291949
292084
292104
292208
292493
292502
292747
292940
293049
293112
293656
293667
293680
293706
293877
294049
294053
294100
294249
294362
294405
294408
294494
294520
294635
294664
294737
294787
294918
29493
294953
294958
294991
295113
29539
295452
295593
295716
295760
295839
295871
295898
296161
296263
296319
296347
296554
296642
297002
297079
29726
297284
297358
297617
297660
297682
297987
298260
298286
298311
298443
298461
298791
298817
29891
298929
29895
298969
299289
299306
299378
299414
29954
299633
299659
299720
300031
300199
300231
300261
30034
30039
300509
300531
300695
300846
300846
300869
300986
301067
301152
301201
301315
30152
301569
301838
301920
301988
302045
302077
302160
302266
302397
302546
302557
302558
30291
302938
302974
303074
303286
303298
303299
303347
303396
303412
303416
303435
303464
303563
30362
303651
303759
30376
30391
304008
304025
304042
304295
304321
304374
304386
304511
304567
304595
304635
304693
304781
304809
304952
305318
305485
305488
305576
305611
305718
305781
306016
306041
306110
306144
30624
306266
306437
306440
30649
306635
306636
30679
306806
306941
307062
307103
307127
30724
307303
307307
307311
307388
307512
307759
307779
307834
307852
307944
308056
308120
308143
308206
308284
3083
308347
308413
308424
308460
308728
308787
308917
309026
309061
309093
30917
30941
309415
309428
309564
309772
309843
309849
310101
310134
310146
310231
31046
310708
310871
310930
311035
311062
311066
311327
311442
311581
311589
311833
311859
311951
312086
31223
312275
312296
312318
312466
312474
312593
312636
312671
312734
312743
312854
312937
312998
313289
31363
313649
313694
313795
313855
313925
314044
3141
314368
31451
314838
314844
314865
314898
314948
314960
315006
315167
315226
315263
31528
315322
315526
315582
315594
315600
315658
315906
315957
315975
31625
316330
316423
316449
316563
316694
316765
316778
316876
316994
317256
317446
317582
317663
31774
317811
318001
318098
318137
318461
318537
31861
318652
318686
318791
318794
31894
318980
319050
31913
319240
319287
319337
319403
319522
31958
319653
319660
319726
319789
319808
319823
319895
319914
320045
320162
320750
320809
320851
320867
320986
32107
321191
321288
321294
321299
321454
321478
321655
321790
321954
322165
322278
322646
322868
323019
323097
323798
323825
323937
323972
324091
324137
324279
324395
324510
3248
324909
325424
32543
325611
325691
325695
325723
325992
32609
326523
326784
326846
326914
32694
327128
327324
327387
327395
327738
327880
327892
328031
328057
32818
32822
328267
328275
328303
328370
328512
328687
328716
328717
328764
328793
328797
328807
328898
328908
328993
329026
329205
329264
329266
329269
329288
329339
329388
32940
329435
329486
329821
330245
33028
330301
330446
330481
330485
33054
330806
330820
330934
330943
330982
331027
331043
331188
331200
331201
331286
331363
331387
331539
331732
331777
331811
331812
33208
332257
332300
332685
332757
332833
332835
332985
333009
333124
333256
333340
333346
333379
333406
333435
333517
333544
333642
333774
333858
333887
333912
333956
334021
334060
334152
334211
334273
334311
334410
33457
33462
334644
334695
334743
334790
334968
3350
335003
335284
335340
335362
335372
335417
335483
335493
335709
33584
336191
336254
336295
336329
336329
336330
336342
336390
336448
33649
336546
33657
336604
336812
337042
33721
337278
337474
337495
337515
337602
337626
33771
33782
337857
337893
338028
338051
338125
338144
338165
338172
33821
338381
338484
338532
338635
338734
338773
339317
33963
339660
33977
339831
34
340005
340064
340155
340187
340347
340664
340690
340748
340986
34099
340996
341178
341191
341204
341312
341321
341377
341639
341671
341713
342075
342145
342306
342413
342567
343111
343213
343342
343596
343633
343634
343813
343833
343836
343952
344
344024
344067
344110
344119
344151
344375
344668
344677
344739
344927
344931
345022
345193
345224
345278
345291
345394
345474
345485
345511
345516
345528
345598
345663
345855
34592
346085
346099
346191
346203
346420
34645
346483
346535
346557
346595
346609
346738
346846
346877
347055
34710
347204
347311
347319
347470
347608
347741
347755
347804
348057
348070
348105
34812
348235
348346
348577
348642
348651
348961
349292
349446
349503
349560
349656
349804
349890
350039
35005
350516
350523
350553
35057
350712
350812
350827
350899
350905
351050
351078
351079
351105
35142
351516
351542
351596
351649
351853
352170
352443
352613
352685
352803
352886
352960
353045
353178
353424
353515
353538
353602
353715
353786
353807
353865
353931
353991
354010
354250
354472
354753
354762
354867
355069
355086
355157
355228
355387
355395
355450
355455
355619
355700
355730
355783
355993
356161
356441
356509
356807
356857
356963
357044
357124
357224
357246
357511
357520
357585
357655
357751
357880
357972
358107
358569
358580
358604
358693
358820
35893
359010
359057
359083
359099
35913
359152
359235
359398
359561
359571
359666
359735
359871
359909
360070
36022
36043
360617
360637
360813
360860
360923
360963
361060
361213
361651
361659
36173
361753
361852
362058
362328
362340
362477
362488
362504
362521
362557
362918
362985
363014
363031
36309
363127
363557
363866
364039
364090
364091
364153
364166
36428
364602
364851
365063
365305
365332
365348
365388
365838
365857
365863
365979
366039
366156
366195
36621
366332
366435
366493
366536
36711
367209
367219
367312
367395
367411
367591
367735
367806
36786
367886
368084
368287
368313
368395
36840
368405
368485
368569
368721
368754
368796
36909
369135
369147
369149
369355
369420
369601
369637
369728
36981
36992
369984
370003
37020
370302
370393
370436
370493
370612
370753
370789
370823
370909
371078
371087
371097
371129
371159
371345
371361
371419
371447
371472
371566
371721
371801
372014
372025
372116
372372
372455
372512
372556
372759
372834
372846
372983
373016
373087
373210
373293
373423
373463
373637
374049
374095
374513
374560
374969
37509
375266
375332
375403
375506
375638
375640
375646
375663
37574
37576
375857
375953
376061
376135
376392
376760
376802
376813
37688
377195
377218
377234
37732
377390
377411
377483
377539
377548
377554
377574
377611
377693
377726
377844
377911
378035
378112
378117
378150
378425
378494
378574
378658
378788
378825
378911
378987
379047
379064
379221
379346
379443
379549
379575
379618
37963
379635
379671
379752
379863
379908
379967
380059
380183
3802
380249
380264
380351
380377
380462
380470
380591
380687
380978
380987
381014
381085
381108
381132
381145
38116
38134
381355
381416
381626
381656
381789
38182
382171
382172
382219
382266
382316
382462
382603
382626
383007
383047
38315
383176
383237
383239
383270
383450
383450
383463
383649
383649
383733
38387
383885
383911
383973
383980
384115
384144
384148
384310
384340
384588
384708
384743
384758
38481
384868
384976
384986
385049
385060
385120
385126
385223
385288
385403
385600
385779
385815
385992
386057
386062
386078
386227
386288
386314
386353
386395
386426
38651
386688
386812
386856
387072
387235
38725
387374
387379
387590
387595
387667
387733
387866
387884
388138
388146
388208
38832
388414
388470
388635
388635
388792
388795
38882
388837
388923
389056
389184
389502
389554
389683
389750
389880
389912
38993
389964
390216
390308
390310
390325
390415
390467
390620
390694
390700
390782
390877
390915
39105
391107
39113
391131
391378
391426
391471
391492
391589
391950
392026
392111
392211
392236
392285
392331
392352
392414
392470
392484
392621
392701
392761
392990
393028
393157
393202
393237
393324
393457
393772
393780
393984
394238
39427
394322
394357
394446
394556
394620
394797
394856
394909
395168
395184
395292
395411
395673
395747
395797
39580
396014
396041
396065
396073
39618
396252
396364
396369
396505
396512
396591
396657
396667
396782
39681
396995
397051
397056
397107
397159
397179
397288
397391
397514
397550
397614
397677
3977
397723
397823
397852
397864
397884
397953
398010
398018
398286
398333
398403
398441
398482
398490
398502
398652
398805
399059
399152
399422
39960
399600
399611
399803
399982
400008
400027
400153
400338
400507
400517
400576
400591
400992
401100
401124
401319
401390
401428
401442
40151
4016
401617
401628
401785
40179
401802
401803
401963
401969
401991
402001
402055
402069
402173
402242
402328
402437
402606
402724
402746
402753
402915
402973
403195
403264
40336
403443
403585
403632
403771
403925
403926
404363
404481
404504
404520
404524
404542
4046
404883
404912
404924
404956
405094
405099
405211
405262
405326
405337
405464
405742
405779
405957
405984
406012
406134
406264
406363
406465
406592
406644
406759
406832
406839
406979
407014
407049
407444
407446
407655
407688
407885
40789
40800
408077
408233
4084
408524
408672
408997
409002
409210
409240
409361
409389
409389
4094
409400
40943
409500
409541
409559
409653
409764
409789
410061
410103
410117
410160
4102
4102
410370
41066
41090
410974
41098
411089
411127
411259
411284
411287
411343
411381
411484
411526
411568
411672
411727
411747
411812
41188
41213
412320
412580
412584
412676
412703
412917
412992
413006
413057
413114
413209
413302
413411
413627
413659
413682
413814
413890
413960
414187
414373
414529
414627
414676
414840
414950
414972
414973
414991
415012
415039
41504
415073
415247
415270
415322
415328
415407
415513
415522
415575
415591
41577
41595
416034
416302
41644
416454
416864
416893
416917
417086
417105
417405
417430
417549
417592
417802
417875
41795
418000
418102
418216
418335
418425
41857
418655
418699
418731
418746
418822
419056
419061
419142
419202
419207
419356
41938
419461
419465
419519
419623
419671
419741
420160
42019
420496
420568
420817
420902
420959
421106
421157
421218
421379
421622
421766
4225
422760
42292
422935
422981
423087
423205
423211
423307
423370
423502
423534
423955
423973
42403
424214
424244
424433
424657
424682
424808
424857
424887
424947
4250
425184
425207
425239
425319
425441
425611
425724
425734
425753
4258
426007
426066
426238
426652
426717
426734
426848
426945
427057
427103
427217
427229
427240
42734
427391
427561
427941
428072
428169
428353
428364
428377
428398
428453
428516
428623
428732
429163
429243
429430
429442
42950
429556
429570
429698
429840
430059
430102
430137
43023
430281
430332
430373
430551
430622
430807
430891
430915
431053
431071
431203
431372
431498
431575
43168
431710
431890
431940
432073
43224
432364
432365
432394
432501
432532
432641
432652
432956
433297
433351
433374
433411
433495
433562
433675
433712
433791
433850
433927
434518
434522
434625
434662
434706
434740
434874
434909
434949
435071
435222
435282
435522
435663
435667
435754
435880
435959
435961
435979
436092
436174
436261
436426
436483
436542
436784
436791
437264
43753
437666
437707
437727
437810
437961
437975
438028
43819
438249
438406
43843
438467
438534
438547
4388
438810
438841
43885
438999
43907
439192
439252
439268
439337
439496
439615
43976
439843
439921
439960
439963
440036
440040
440128
440195
440216
440368
440423
440431
440442
440455
440480
440669
440687
440806
440919
441018
44103
441167
441184
441221
441261
441314
441332
441377
441431
441434
44144
441453
441480
441563
44186
441882
441909
441913
441928
441971
442078
442110
442130
442205
442293
442377
442401
442609
442660
442751
442833
442844
442972
443187
443196
443209
443521
443810
443836
443890
443924
443947
443951
444005
444074
444101
444105
444162
444295
444409
444431
444480
44450
44452
444521
444676
444759
444816
444890
444907
445006
445099
445104
445203
445252
445263
445326
445664
445751
445828
446061
44609
446204
446216
446428
446440
446512
4466
44676
446828
446846
447069
447139
447182
447254
447455
447511
447575
447709
447727
447806
447855
448036
448037
448079
448079
448139
448172
448194
448269
448328
448383
448429
448430
448472
448503
448596
448605
449000
449300
449319
449330
449452
449459
449459
449678
449694
449753
449840
449860
449941
450122
45023
450355
450368
450440
45053
450678
450692
450752
450759
450839
450861
451049
451091
451126
451128
451146
451244
451411
451542
451596
451596
451596
45171
451712
451786
452022
452032
452076
452120
452204
452244
452390
452502
452554
452649
452777
452812
45297
453003
453092
453094
453277
453343
453485
45352
4536
45373
453756
453831
453902
453985
454024
454080
454209
454247
454264
454339
454340
454426
454435
454444
4545
454877
454899
454960
454961
455195
455232
455290
455298
455305
455326
455683
455700
455707
455745
45585
455872
456069
45614
456156
456299
45641
45643
456465
456476
456508
456554
456642
456750
456788
456830
456860
45700
457000
457145
457275
4573
457469
457637
457735
457800
457835
457839
45787
457909
457918
457984
458124
458124
458136
458142
458198
458216
458275
458320
45833
4584
458453
458466
458611
458644
458767
458839
458881
458910
458933
458936
45922
459222
459410
459428
459553
459577
4600
460007
460013
460036
460164
460222
46028
460339
460339
460374
460442
460531
460580
460742
461017
461049
461284
461311
4614
461473
461505
46162
461717
461997
46205
462151
462170
462348
462425
462602
462760
46292
462954
462999
463159
463214
463298
463444
463591
463607
463725
463819
46391
464045
464168
464254
464415
46443
464695
464705
464708
464709
464747
464794
464884
464922
464969
464976
465029
465141
465291
465311
465388
465410
465652
465653
46588
465968
466027
466344
466403
466466
466559
466661
466814
467149
467205
467210
467245
467335
467381
467397
467585
467617
467670
467813
467845
467849
467918
468104
468174
46844
468503
468576
468627
468870
469073
469146
469148
469153
469170
469424
469464
469734
469818
469874
469894
469934
469994
470017
470047
470070
470095
470153
470289
470318
470335
470385
470506
470537
470703
470767
470896
47097
4710
471156
471239
471248
471556
471584
471612
471665
471690
471871
472258
472295
472788
472868
472873
472918
472919
4732
47327
473282
473396
473453
473550
473554
473652
473696
473796
473811
473836
473843
473848
474034
474037
474067
474142
474237
474807
474809
474810
474919
475211
475347
4755
47554
4756
475628
475772
475964
476031
476036
476065
476127
476171
476173
476361
476440
476739
477023
477033
47742
477441
477444
477542
477577
47766
477721
477735
477871
477924
478074
478188
478209
478376
478456
478465
478603
478749
478817
478906
47932
479464
479504
479527
479870
479988
480006
480247
480257
480313
48042
480525
480571
480582
480616
480710
480837
480977
481029
481092
481198
481258
481475
481629
481635
481651
481975
482253
482292
482452
482534
482649
482810
482835
482895
482982
483098
483115
483146
483295
483508
483579
483583
483714
483758
483879
483882
483917
483963
483978
48408
484112
484182
48443
484513
484553
4846
484647
484697
484698
484721
484726
484775
484815
484832
484918
484949
485014
485239
485429
485616
485693
485718
485780
485836
485842
485850
486046
486089
486185
486209
486430
486519
486544
486554
486677
486714
486755
486799
48683
486951
487217
487285
4874
487400
487533
487551
487568
487619
487845
487894
487972
48819
488277
488499
48851
488721
488792
488824
488834
489076
489174
4892
489242
489537
489543
489623
48988
489982
489988
490102
490130
490212
490703
49075
490856
490913
490922
491128
491387
491440
491490
491492
491659
491699
491737
491752
491759
491971
491982
492125
49214
492352
492389
492477
492611
492679
492735
492983
493015
49307
49309
493153
493180
493204
493267
493296
493366
493438
493501
49374
493757
493776
493838
49387
493876
49409
494097
494155
494349
494370
494379
494492
49452
49483
495016
495143
495313
495394
49554
495893
49592
496211
496332
496360
49642
496436
4966
496829
49683
496986
497001
497003
49713
497208
497483
497498
497726
497733
497837
497950
498042
498135
498175
498265
498390
498412
498540
498541
498562
498586
498704
498764
498770
498805
498890
498967
499118
499229
499336
499394
499635
499667
499668
499710
499862
49988
499961
500144
500331
500407
50066
500770
500871
500954
500970
501005
501129
501163
501173
501180
501217
501311
501471
50150
501724
501860
501886
501898
501980
502045
502246
502361
502564
502590
502666
502719
502983
503180
503571
503596
50363
503675
503831
503899
503933
504020
504044
504087
504127
504137
504428
504497
504616
504688
504718
504739
504754
504873
505091
505105
505150
505532
50564
505747
505802
505815
506034
506502
506650
506759
506789
506798
506902
507226
507410
507412
507434
507707
507715
507805
508056
508156
50817
508203
508212
508230
508342
508604
50862
508621
508657
508871
508873
508963
508975
509038
509148
509160
509193
509321
509344
509405
509442
509489
509501
509649
509807
50990
509975
510011
510209
510311
510422
510461
510626
510940
51095
511039
511175
51119
511215
511248
511264
511435
51170
511757
511764
511939
511992
512012
51219
512193
512302
512405
512419
512638
512947
513013
513125
513155
513329
513508
513565
513570
513652
513678
513691
513741
514026
514582
514602
514718
514775
514831
5149
515006
515301
515455
515541
51564
515656
515802
515820
515831
516036
516113
516247
516258
516395
51660
516795
51685
516881
51701
517027
517167
517284
517287
517533
517587
517701
517710
517914
517971
517998
518
518122
518133
518154
518168
518212
518310
518416
518563
518565
518728
518807
51884
518890
518917
519037
519074
5191
519131
519195
519480
519514
519552
519565
51972
520319
520459
520515
520821
520843
520846
520930
520996
521000
521042
52108
521084
521151
521272
521347
52185
522298
522403
522491
522537
522552
522564
522640
52271
522748
522760
522870
52298
523234
523366
523392
523661
523700
523818
52405
524078
524109
524226
524228
524296
524391
524438
524439
524629
524640
524848
524865
524891
524913
524932
524970
52507
525088
525197
525295
525338
52535
525433
525487
525593
52571
525933
526017
526018
526024
526129
526494
52651
526538
526631
526691
526707
526712
526734
526748
526947
526949
527023
527164
527223
527246
527380
527471
527476
527568
527671
527858
527999
528035
528068
528152
528192
528217
528247
528362
528386
528397
528401
528619
528681
52872
528826
528850
528878
528887
528899
529029
529089
529209
529362
529530
529714
529769
529835
529875
52988
529917
529947
52995
530045
530070
530109
530151
530198
530292
530439
530502
530533
530551
530592
530628
530830
530923
531040
531085
531085
531110
531328
531389
531410
531493
531609
531631
531724
531758
531919
53209
532331
532405
532632
533024
533155
533363
533426
5335
533549
533550
533555
533692
533811
533933
534022
534082
53413
534173
534338
534434
534674
534706
534784
534842
534845
534848
53497
535012
53503
535136
535269
535624
535681
535705
535752
535787
535788
5359
535930
535973
536013
536092
536401
536497
536591
536664
536670
536832
536874
536877
536946
536980
537047
537098
537140
537149
537260
537302
537534
537571
537777
537850
537858
538035
538089
538489
538503
538613
538887
538942
538986
539156
539304
539369
539502
539536
539754
539888
539923
539965
540112
540233
540353
540447
540478
540605
540760
540871
541007
54108
541085
541251
54128
541376
541567
541651
541900
541931
542144
542155
542161
542161
542342
542363
542461
54248
542499
542523
542791
54287
542920
542958
543024
54305
543071
543360
543364
543903
543908
543912
543954
544082
544115
544547
544857
54512
545145
545156
545252
545339
545422
54562
545728
545820
545836
545941
546022
546050
546094
546130
546322
546343
546346
546363
546563
546589
546737
546770
546772
546804
546820
54684
546984
547010
547080
547202
547230
547359
547396
54744
547489
5475
54754
547800
547969
547996
548006
548137
548172
548280
548401
548430
548561
548615
548643
548703
549219
549269
549406
549434
549438
549603
549654
549681
549776
549882
549953
549957
550040
550088
550092
55032
550700
550824
550906
551066
551127
55117
551234
551396
551496
551843
551881
551936
552149
552259
552398
552414
552463
552637
552716
552830
552884
552890
553185
553204
553327
553508
553531
553570
553645
553871
554241
554365
554477
554542
554546
554630
554791
554824
554855
555026
555126
555148
555216
555235
555329
555413
555520
555561
555779
556052
556219
556257
556324
556393
55683
556909
557026
557041
55726
557323
557412
557444
557893
557935
557947
557984
558076
558079
55808
558181
558300
558466
558473
558476
558542
558544
558689
559006
55904
559084
5591
559240
559314
55935
559390
559425
5595
559629
559780
5599
560081
560230
560294
560353
560424
560435
560455
560617
560786
560793
560815
561032
561154
561174
561353
561356
561371
561377
561517
561546
561774
56186
56191
561916
562166
5623
562580
562686
562885
562900
563095
56324
563355
563376
563422
563438
563466
56351
56358
56371
563728
563911
563937
563942
564008
564017
564077
564079
564114
564150
564178
564268
564523
564568
564599
564795
564972
564990
565048
565072
565245
565252
565403
565429
565465
565470
565517
565540
565654
565702
565865
565973
566076
566145
566170
566195
566207
566240
566400
566524
566622
566635
566660
566681
566718
56676
566792
566893
566893
566915
56698
567035
567135
567169
567261
567396
567544
567559
567628
567753
567791
567818
567824
567827
567958
568004
568133
568168
568176
568213
568292
568296
56840
568467
568560
568691
568734
56882
568974
569249
569430
569456
569631
569745
569789
569832
569900
569929
569958
570072
570117
570342
570349
57036
570361
570473
570494
570542
570769
571057
571202
571219
571348
57143
57144
571452
571530
571602
571622
571657
571661
571668
571718
571793
571828
572001
572054
572091
572097
572116
572133
572239
572248
572387
572473
572480
572521
572562
572643
572724
572731
572868
573033
573179
573222
573421
573701
573734
57377
573822
573921
574116
574253
574379
574436
574492
574581
574990
575106
575231
575426
575538
575861
575935
576011
576028
576029
576101
576101
576106
576247
57631
57633
576374
576462
576514
576524
576547
576640
576663
576663
576709
576771
576779
576829
576870
576870
576933
576951
577002
577125
577129
577165
577238
577333
577612
577697
577711
577765
577795
577980
578100
578141
578172
578300
578358
578454
578509
578516
578519
578769
578827
578895
578944
579098
579127
579167
579186
579267
579410
579437
579546
579587
579800
579846
580173
580265
580301
580392
58051
580522
580601
58065
580826
580827
580936
580971
581146
581146
581257
581484
581735
581843
582092
582367
582381
582571
582640
582704
582732
58284
58317
583264
583377
583425
583454
583621
583736
583866
584015
58438
584398
584569
584577
584584
584690
584805
584902
585031
585078
585135
585203
58521
585277
58530
585392
585407
585470
585483
585558
585569
585919
586016
586245
586475
586498
586740
586753
58676
587041
587139
587171
587235
587348
587417
587469
587562
587766
587926
588066
588094
588166
588207
58834
588553
588573
588687
588705
588779
588858
588912
589027
58904
589135
589176
589196
589208
589226
589231
589338
589374
589458
589557
589666
589725
589730
589818
589930
589952
590309
590339
590368
59041
590523
590525
59059
59064
591023
591112
591323
591367
591491
59150
591565
591800
591939
591986
592013
592055
592085
592118
592177
59232
592362
592383
592496
592538
592611
592624
592635
592648
592662
592680
592787
59293
593009
593156
59317
593199
593221
59333
593377
593419
593423
593558
59356
593611
593766
59377
593803
593889
59394
593999
594045
594072
59412
594125
594156
594385
594421
594460
59453
594567
594875
595045
595053
595079
595091
595112
595153
595347
595360
595880
595901
596006
596108
596292
596321
596389
596501
596623
596804
596809
596951
597064
597094
597103
597248
597294
597371
597388
597445
597483
597689
597691
597750
597899
598213
598268
598323
59841
598675
598928
598989
599097
599220
599224
599295
599452
599473
599510
599533
599615
599635
599636
599636
599691
599857
599950
600063
600164
600176
600210
6003
600315
60034
600347
600685
600843
600965
601120
601215
6014
601464
601487
601563
601599
601665
601699
601756
601928
602210
602258
602303
602439
602464
602978
603065
603073
603176
603181
603196
603213
603236
603265
60328
603295
603316
60332
603719
603743
603804
603879
603915
604001
604050
604099
604109
604127
60421
604325
604340
604348
604466
604641
60467
604737
604739
604814
604822
60491
605074
6051
605149
605194
605412
605426
60570
605714
606110
606132
606135
606293
606326
606548
606556
606626
60663
60688
606984
607012
607035
607049
607106
607143
607152
607303
607311
607518
607608
607806
608097
608144
608218
608293
608298
608345
608586
608590
608676
60870
608720
608795
608899
609177
609219
609222
609310
609337
609618
609671
609735
609761
609884
609938
61014
610288
610384
610385
610750
610890
610923
611003
611044
611175
611403
611427
611459
611906
612024
6121
612200
61221
612379
612393
612406
612475
6125
612567
612586
612662
612692
612874
612912
61302
613368
61338
613429
613531
613543
613649
613883
613970
614042
614099
614144
614200
614230
614528
614555
614644
614681
614807
614853
614854
614878
615060
615112
615129
615338
615357
615368
61538
615405
615468
615721
615724
615785
615911
616060
616078
616360
616371
616408
616482
616523
61684
616880
616890
616895
616939
616992
616994
617090
61725
617304
617353
617355
617358
617389
617413
617422
617460
617523
617649
617698
618000
618065
618130
618135
618212
618239
618274
618320
618324
618436
618447
618457
618517
618588
618661
61868
618749
618995
619172
619255
619376
619454
619504
619537
619751
619763
620024
620201
620302
620636
620652
620711
620853
621026
621128
621171
621204
621252
621342
621357
621373
621431
621661
621733
621759
621870
622040
622209
622226
622255
62228
62240
622523
622783
62285
62286
62289
622905
622970
623157
623183
62322
623409
623433
623589
623746
623884
623936
623967
6240
624164
624169
62423
624350
624452
624477
624507
624515
624557
624647
624699
624725
624793
624879
624898
624925
624932
624940
624957
625063
625106
625173
625349
625355
625407
625448
625466
625494
625641
62588
625880
625919
625927
626047
626071
626128
626225
62640
626413
626742
626945
626981
62708
627137
627155
627544
627660
627868
627873
627879
627908
628056
628058
628231
628355
628391
6284
628500
628562
628627
628703
628794
628876
629009
629030
629267
629493
629607
629659
629712
629757
629794
629842
629886
629929
630016
63002
630112
630282
630292
630484
630583
630652
630731
630791
630827
630847
631127
631225
631243
631291
631443
631450
631509
632155
632204
632205
63230
632332
632349
632363
632388
632487
63258
632635
632648
632811
632832
632838
632939
633243
63338
633380
633384
633385
633567
633591
63361
633697
633705
633795
633894
634034
634160
634277
634383
634469
634597
634673
634807
634888
634921
634969
635020
635079
635140
635161
635176
635183
635223
635357
635434
635596
635822
635839
635852
635979
636032
636183
636201
636325
636437
636459
636518
636583
636641
636705
636946
637028
63721
637220
637235
637333
637468
637686
637892
637980
638122
638502
638555
638600
638798
639082
639135
639279
639280
639320
639330
639506
639516
63958
639767
639831
64000
64001
64027
640301
640328
640333
640348
640483
64054
640619
640711
640852
640881
641076
641148
641270
641353
641531
641666
641770
641977
642005
642213
642241
642276
642347
64236
642472
642602
642611
642951
643239
643461
643487
643586
64360
643861
644190
644347
644381
644398
644440
64479
64484
644908
644993
645040
645102
645113
645152
645364
645664
645828
645892
645909
645947
64604
646097
646204
646378
646419
646443
646610
646745
646939
647326
647501
647557
647607
647790
647808
64793
647946
647976
648055
648095
648107
648127
648157
648239
64829
648302
648399
648841
649032
649037
649161
649173
649180
649288
649547
649705
649779
649813
649997
650081
650093
650264
650552
650629
650731
650843
650864
650924
650929
651095
651108
651204
65121
651494
651521
651535
65161
651865
651934
652139
652147
652232
652339
652400
652412
652417
652442
652486
652492
652495
652632
652683
652695
652728
652885
652919
652969
653133
653471
65357
653616
65368
653726
653737
653807
653897
653928
653948
65407
654103
654125
654215
654338
654666
654720
655125
655175
655183
655244
655303
655389
655576
655604
655608
655833
655866
656069
656113
656113
656133
656277
656484
656696
656740
656833
656871
656892
656939
656987
657009
657074
65718
6572
657244
657300
65736
657363
657414
657470
657485
657563
657681
657694
657768
657790
658034
6582
65861
658632
659051
659093
659226
659310
659357
659531
659543
6599
659945
659962
660050
660067
660287
66029
660317
66032
660460
660534
660670
660688
660704
66077
661090
661351
661361
661462
661498
661541
661650
661676
661701
661829
661959
66196
662178
662197
662273
662313
662341
662428
662653
662757
663036
663090
663093
663238
663254
663292
663432
663528
663538
663583
663727
664168
664242
664276
664330
664341
664358
664455
664553
664713
664722
664826
664905
664997
665035
66521
665244
665260
665307
665329
665415
665500
665554
665684
665697
665730
66575
665874
665884
665891
666071
66609
666350
666362
666385
6664
666401
666457
666468
666500
666507
666534
666605
66670
666701
66689
666958
66702
667042
667049
667146
667177
667235
667302
667332
667371
667418
667433
667496
667571
6676
667693
66770
667746
667825
667975
668192
668353
668419
668441
668457
668459
668535
668725
668754
66877
668982
669073
669167
669322
669337
669488
669546
669723
669861
669879
669892
669972
670041
670045
670237
670282
670396
670443
670501
670589
670733
670781
670829
67100
67103
671061
671217
671280
671346
671379
671413
671417
671503
671544
671583
671709
671750
671844
671974
672044
672502
672513
672563
672628
672768
672961
673002
673070
673178
673283
6734
673407
673479
673719
673963
674029
674145
674147
674172
674278
674290
674307
674332
674392
67440
674448
674596
674878
674887
674987
675015
675093
675323
675360
675362
675618
675651
675780
675839
676053
676070
676140
676181
67631
676320
676330
676437
676576
676614
676614
676671
676838
676846
676980
677103
67716
677206
677347
677395
677412
677535
677831
67791
677964
677987
678060
67809
678241
678413
678451
678565
678787
678819
678820
67899
679280
679392
679415
679479
679600
679849
679902
679909
680014
680065
680076
680089
680143
680252
680281
680375
680589
6808
680865
680977
680998
681007
681031
681066
681166
681252
681302
681384
681435
681476
681496
68156
681851
68191
681950
68198
682
682010
682079
682148
682290
682446
682468
68289
682961
682971
683002
683027
68321
683621
683628
683709
683759
683861
683987
684037
684191
68434
684396
684399
684473
684514
684654
684713
684742
68476
684778
684781
684804
684918
6850
685628
685670
685717
685730
685812
685874
685915
685933
685939
686000
686042
686051
686085
686096
686184
686330
686351
68642
686491
686513
686545
686713
686752
687007
687039
687045
687182
687313
687478
687614
68768
687884
68794
688026
688237
688240
688275
688276
688292
68830
688341
688345
688350
688629
688643
688647
688731
688946
689008
689027
689319
689506
689525
689669
689729
689776
689869
689958
68996
689988
689996
690219
690306
69031
690363
690509
690510
690516
690543
690654
690730
690741
690848
691105
691113
691130
691378
691536
691576
691624
691693
691812
691942
692136
692293
692529
692666
69269
692773
692875
692950
692986
69308
693094
693165
693178
693348
693407
693426
693491
693566
693665
693727
693749
69383
69395
694034
694166
69422
694256
694266
694304
694375
694486
694564
694681
694895
694914
695006
695155
6952
695265
695446
695618
695683
69573
695749
695775
6958
695881
696182
696560
696605
69678
696854
696916
696947
697060
697083
697124
697242
69738
697517
697523
697584
697585
697755
697758
697761
697974
697976
698014
698316
698507
69853
698662
698738
698887
699
699108
699181
69933
699345
699430
699617
699625
700004
700075
700149
700224
700242
700251
700507
700652
700667
700847
700971
701000
701004
70115
701192
701225
701245
701247
701324
701330
701489
701799
701903
701915
702290
702374
702420
702468
702522
702545
702583
702672
702803
702832
703081
703086
703143
703148
70319
70325
703304
703484
703603
703678
703852
703914
703928
70399
7040
704020
704120
704138
704412
70466
704795
704802
704849
704884
704951
704992
705135
705205
705351
705367
705420
705452
705474
705624
705696
705932
706037
706118
706202
706209
706290
706451
706472
706505
70654
706584
70663
706635
706673
706766
706951
707279
707320
707463
707567
707696
707711
707715
707767
708235
708296
708345
708428
708491
708494
708519
708534
70867
708724
708742
708779
708803
70890
70897
708976
709047
70916
709191
709225
709315
709330
709399
709411
709553
709723
709782
709896
709918
709992
71010
710140
710271
710302
710382
710385
710542
710559
710566
7106
710629
710697
710757
710877
711026
711035
711158
711263
711325
711399
71141
711570
711591
711718
711786
711819
711898
712113
712162
712249
712462
712539
712557
712558
712631
712683
712776
712836
712857
712859
712885
71300
713041
713105
71329
713293
713420
713448
71354
713668
713948
714063
714184
714211
714227
714252
71431
714768
714786
714794
714810
715067
715147
71528
715348
715423
715607
71575
715782
715796
715984
715986
716005
7162
716219
716308
716402
716416
716524
716537
7166
716638
716663
71674
716761
716786
716819
716832
717260
717554
717566
717995
718130
718138
718144
718185
718322
718418
718596
718655
71895
718951
719472
71948
719506
71972
719816
719843
719845
719974
7200
720007
720033
720166
720301
720372
720391
72041
72045
720493
720498
720618
72065
720732
720743
720879
721088
721115
721160
721289
721296
721396
721533
722022
722060
722505
722517
722530
722580
72259
722643
722769
722831
722894
722935
722942
723085
723109
723380
723470
723527
723537
723582
723591
723626
723998
724029
724062
724144
724200
724232
724237
724249
724269
724313
724541
724541
724600
724638
724660
724765
724803
724928
724956
725024
725046
725055
725056
725074
725099
725237
725306
725446
725773
72583
725844
725921
725939
725965
726010
726221
726241
726298
726459
727016
727120
727186
727244
727339
727400
727512
727556
72762
72789
727896
728152
728206
728237
728475
728496
728712
728752
728757
728978
729164
729167
72932
72933
729718
729799
730093
73018
730183
730273
730299
730652
730693
730754
730786
730882
731065
731119
731457
731473
731501
73151
731537
731539
731592
731628
731744
731809
732093
732157
732196
732374
732390
732402
732472
732521
732624
73268
732682
732807
732990
733162
733195
73331
733668
734031
734040
734209
734536
734583
734663
734840
734866
734929
734935
734981
735042
735103
73511
735153
735213
73524
73526
735342
735418
735425
735515
735688
73570
735867
735983
735995
736154
736159
736190
7364
736458
736496
736525
73657
736577
736701
736823
736889
737084
737115
737143
737278
737302
737378
73742
737511
738037
738301
738354
738386
738449
73859
738614
738735
738739
738758
738819
738992
739024
73926
73945
739492
73991
739917
739980
740125
740268
740476
740601
740824
740987
741015
741055
741070
741093
741095
741205
741262
741366
741474
741489
741508
741572
741574
741586
741743
742173
742198
742230
742306
74232
742329
742416
742535
742537
742685
742687
74274
74275
742762
742842
742868
743000
743065
743074
743254
743259
743274
743292
743367
743504
743560
743582
743665
743738
743786
743802
743812
74394
743961
743997
744082
74410
744267
744305
744311
744534
744623
744664
744683
74472
744720
744891
744907
74498
745266
745286
745392
745402
745437
745578
74558
745615
745664
745669
745700
745703
745731
745775
745910
745912
74603
746081
746140
74622
746236
746243
746327
746443
746620
746696
746832
747014
74705
74706
74710
747224
747369
747417
747459
74761
747644
747670
747676
747826
747977
748023
748129
748138
748163
748178
748187
748217
748278
748419
748446
74845
748732
748781
748846
748930
749013
749038
74904
749365
749395
749504
749551
749583
749867
749937
749972
750028
750099
75010
750216
750350
750368
750404
750583
751069
751345
751385
751431
751450
751471
751651
751676
751827
751832
751841
751842
751972
752041
752117
752162
752502
752532
752679
752758
752761
753004
753128
753163
753167
753172
753432
753517
753581
753671
753712
753715
753839
753913
754159
754170
754287
754287
754324
754344
754364
7544
754429
754476
754511
754696
754747
754761
754840
754886
754958
755060
755144
75521
755569
755646
755767
755776
755810
755879
75618
756369
756372
756527
756568
756661
756813
756843
756881
757001
757086
757086
75716
757250
757270
757406
757760
757761
757762
757848
757873
757924
75796
758037
758107
758125
758265
758270
758387
758393
758597
75891
758970
758976
759073
759138
759171
759210
759559
75963
759842
759925
759991
760172
760196
76020
760398
760723
760727
760819
761025
761057
761131
761161
761163
761293
761396
761598
761657
761697
761758
761835
761934
761965
761988
762061
7621
762163
762250
76227
762332
762946
763083
763235
763264
763377
763524
763530
763645
763839
764024
764277
764340
76437
764521
764538
764562
764595
764600
764614
765002
765031
7651
765128
765344
765373
765557
765655
765763
765772
765839
76596
765999
766067
76613
766265
766319
766409
766607
766618
766871
766892
766965
767065
767072
767095
767461
767486
767507
767580
767582
767599
767672
767881
767925
767972
768028
768115
768289
768523
76854
76893
769021
769022
769078
769240
769380
769427
769432
769553
769612
769722
769930
769948
769972
770228
770420
77074
770781
77093
771283
771372
771379
771520
771527
771768
771839
77213
772136
772265
772319
772360
772387
772392
772634
77277
772805
772869
773008
773080
773222
773256
773315
773388
773393
773436
773462
773540
773542
773577
773909
773997
774280
774291
774313
774486
774629
774721
774725
774862
774922
775020
775036
775040
775213
775242
775247
775315
775337
775530
775557
775672
775679
775685
775931
776026
776133
776165
776173
776191
776307
776316
776494
776631
776658
776713
776798
776963
777281
77738
777412
777419
777498
777629
777740
777770
777773
777851
77790
777900
777985
778012
778202
778269
778279
778440
778449
778742
778777
778957
779033
779071
779332
779417
779434
779485
779518
779603
779616
779678
779751
77978
779844
77985
779862
780063
780130
780152
780185
780377
780385
780415
780513
780580
780581
780633
780656
780661
780895
780919
780930
780981
781070
781122
781215
781369
781410
781440
781468
781493
781683
781692
781802
781848
781918
781945
781985
782263
78238
782496
782578
782590
782603
7829
782903
782908
783094
783234
783239
783335
78338
78348
783550
783552
78362
783804
783843
783856
783913
783914
784309
784388
784688
784791
784972
785135
785209
785260
785263
785302
78545
785503
785515
785648
785677
785724
785862
785916
785937
785997
786054
786084
786114
786143
786161
786250
786326
786345
786629
786922
787155
787205
787211
787260
787504
787535
787595
787651
787960
787998
788050
788078
788174
788278
788280
788385
788413
788620
788649
78868
788734
788764
788784
788793
788894
788902
788908
789052
789057
78907
789187
789188
789217
789229
789483
789515
789539
789563
789671
789725
78976
789793
789949
789984
790126
790190
790213
790713
790742
790776
790826
791107
791138
791362
791394
791754
791791
791907
791992
792069
792164
792168
79226
792260
79243
79250
792530
792605
792628
792682
792769
792878
793032
793149
793178
793180
793212
793322
793336
793358
793489
793575
793609
793719
793758
793809
79400
794012
794375
794378
794420
794560
794594
794616
794683
794806
794850
795036
795038
795047
795075
795093
795463
795490
795490
795566
795694
795742
795824
795865
795910
795974
79598
796155
796420
796521
796574
796800
796819
797087
797164
797292
797672
797720
797945
798043
798046
798075
798095
798126
798207
798519
798854
798901
798917
798938
798959
79904
799271
79960
799697
799842
79986
799916
799979
800058
800119
80013
800282
800285
800606
80063
800781
800871
801003
801060
801316
801393
801434
801451
80152
801690
801800
801853
801868
801981
802187
802210
802297
802305
802341
802351
802391
80272
80273
802847
802946
803188
803274
803365
803383
803414
803526
803529
803586
803601
804142
804170
804220
804262
804478
804490
804646
804697
804963
804991
804998
805044
805108
805165
805300
805408
805562
805637
805756
805784
805790
806035
806039
80604
806043
806068
806199
806578
806734
807080
80714
807438
807560
807647
807682
807800
807915
807964
808167
808315
808318
808340
808386
808479
8085
808530
80863
808786
808801
808988
809116
809245
809272
809419
809445
809454
809509
809545
809567
809709
809814
809887
809917
809954
810016
810034
810196
810241
810261
810504
810511
810548
810946
811002
811005
811018
811054
811070
81119
811450
811479
811521
811676
811788
811794
811807
811835
811960
812140
812164
812282
812389
812399
812685
812695
813025
813131
813330
813388
813586
813695
813717
813759
813972
814070
814100
814133
814200
814251
814326
814612
814706
814772
814834
81490
814931
815075
815198
815386
815391
815432
815456
815580
815627
815632
815663
815730
815781
815792
81592
815938
815961
816027
816142
816228
816296
816370
81645
816682
817120
817162
817233
817500
817501
817544
817554
817618
817725
817817
818066
818077
818204
818334
818342
818350
818386
818771
81883
818983
819115
819154
819165
819282
81929
819300
819330
819364
819510
819513
819523
819567
819584
819646
819695
819731
819751
81978
81997
820215
820243
820297
820409
820470
820514
820545
820847
820871
821039
821088
821141
821222
821251
821311
821488
821513
821533
821758
821884
821924
821948
822000
822009
822598
822859
82286
822949
82302
823059
823123
82318
82323
823252
823256
823318
823333
823421
823535
823612
823617
823968
824120
824128
82425
824275
824411
824468
824587
8246
82464
824724
824756
824811
824856
824919
82495
824985
8250
825215
82537
825658
825772
8258
825815
825837
825946
825978
825992
826128
82636
826379
826454
826514
826535
826580
826623
826644
826943
827303
827335
827343
827413
82759
82765
827654
827730
827759
827767
827812
827912
827958
82814
828237
828247
828277
828317
828423
828635
828655
828715
828722
828881
828932
828934
829011
829024
829304
82952
829713
829824
829843
829913
830049
83009
830182
83028
830596
830639
830696
830734
830808
831058
831114
831123
831205
831221
831375
831463
831485
831558
831688
83169
831745
831816
831879
831881
83205
832115
832205
832291
832342
832419
832430
83259
832632
832674
83286
833158
833241
833254
833454
833492
833583
833585
833645
833805
833805
833957
834005
834019
834025
834139
834153
834453
8345
834642
834699
834714
834757
834991
8350
835062
835294
835368
835375
835406
83555
835573
835578
835607
835628
835734
835781
835817
836335
836345
836366
836414
836521
836550
836616
836833
836833
836897
837037
837297
837299
837365
837498
837513
837531
837742
837854
837883
837954
837967
837969
838020
838239
838427
838571
838586
838660
838702
838793
838802
838810
839150
839341
839363
839640
839683
83978
839859
840388
840613
840686
840777
840886
841205
841449
841569
841674
841674
841831
841964
842033
842082
842330
842454
842502
842518
842604
842827
842914
843102
843203
843267
843288
843605
843673
843681
843778
843803
843825
843999
844039
844053
844101
844163
84419
844196
84435
844382
844412
844419
844509
844607
844607
844636
844810
844829
844870
844895
844924
84505
845065
845235
845284
845342
845402
845472
845514
845562
845595
845667
845701
845728
845788
845924
845944
845981
846180
84624
846323
846389
846486
846557
846591
846717
846778
846890
846896
846903
846908
846948
847023
847069
84707
84712
847125
847169
847348
847477
847595
847835
847836
847896
847989
84804
848095
848246
848248
848301
848741
848865
848938
848974
849031
849061
849096
849317
849349
849356
849364
849399
84943
849444
849496
849594
849603
849679
849731
849787
849966
850046
850087
850088
850093
850207
850378
8504
850417
850463
850675
850719
850915
850929
850933
850965
851184
851665
851741
85175
851757
851915
851928
852002
852205
852258
852281
852416
852419
852505
852561
852780
852788
85281
85284
852863
853091
853351
853513
853578
853667
853681
853873
853875
854260
854321
854660
854734
854848
854874
855298
855323
855357
855543
8557
855754
855799
855804
855866
855879
856055
856199
856295
856309
856330
85641
856418
856575
856686
856743
85682
856859
856880
856901
856911
857068
857076
857093
857125
857127
857177
857214
857227
857339
857372
857393
857631
857685
857725
857786
857946
858018
858166
858232
858305
85834
858430
858441
858460
858474
858542
858543
858748
858914
858928
859021
859138
859153
859411
859480
859566
859607
859635
859669
859969
860004
860009
860267
860400
860489
860540
860577
860611
860617
860671
860674
860702
860758
860764
860805
86148
861735
86176
861955
862115
862257
862284
862395
862402
862434
862491
862591
862603
862654
862725
862879
862930
863266
863311
863356
863426
863442
863458
86353
86354
863555
863613
863656
863720
863733
863759
863844
863893
863912
863969
864006
864077
864095
864133
864189
864191
864266
864312
864569
864581
864966
86497
865078
865259
865367
8654
865488
865496
865514
865702
865733
866161
866187
866406
866490
866530
866707
866997
86727
867308
867346
867546
86756
867563
867592
867756
867760
867786
867786
867856
867934
867953
868154
868333
868573
868611
868722
868767
868814
868942
869093
869170
869194
869224
869250
869280
869282
869302
869314
869315
869442
869465
869544
869833
869899
87003
870050
870070
87032
870343
870501
870625
870689
870821
870947
87095
870976
871064
871100
871286
871287
871351
871470
871790
871813
871865
872004
872356
872498
872627
872637
872870
872899
873032
87312
873333
873518
873541
873734
873773
873863
873967
874005
874048
874100
874171
874172
874298
874386
874393
874629
875165
875212
87529
875332
875487
875781
875859
87598
876113
876349
876362
876404
876526
876550
876676
876722
876746
876756
876831
876978
877088
877196
877206
877500
877672
877743
877746
877759
87785
877943
877988
878136
878252
878313
87840
878457
878505
878549
878806
878869
879021
879291
879295
879483
879536
879621
879800
87994
880082
880102
880250
880402
880564
880603
880706
880796
880907
881031
881086
881254
881513
881526
882037
882194
882223
882456
88246
882532
882644
882645
882647
88265
882703
882799
88295
883144
883222
883376
883451
883567
883780
883982
884035
884204
884237
884246
884257
884483
884724
884847
884875
884880
884930
885072
885146
885162
885356
885375
885395
885643
885670
886115
886163
886363
886379
886483
88662
88662
886710
886719
886808
886840
886966
887057
887090
887131
887152
887192
887408
887427
887479
88748
887508
887597
887666
887967
887967
888089
888116
888399
888632
888729
888878
888919
889011
889017
889032
889196
889223
889241
889282
889331
889445
889535
889549
88957
889571
889623
889713
889874
889953
889986
890013
890079
890160
890183
890188
890191
890207
890538
89064
890738
890848
890863
890964
891105
891424
891424
891429
891454
891518
891520
891599
891623
891914
89192
891980
892064
892108
892309
892338
892419
892617
892803
892933
892933
892975
893010
893028
893347
893443
893598
893649
893679
89368
893717
893793
893946
894022
894263
894362
894435
894457
894628
894667
894744
894778
894794
89484
894911
894916
895166
89519
89537
895548
89573
895773
89590
89600
89607
89626
896348
896357
896421
896517
896571
896719
89687
896926
896946
896985
897111
897177
8972
897230
897371
897398
897476
897481
897597
897620
89782
897973
898006
898059
898272
898392
898434
898609
898837
898856
898896
898968
89911
899158
899206
899214
899290
899321
899506
899560
899625
899646
899663
899717
90007
900074
900355
900427
900435
900524
900596
900726
900778
900833
901172
901235
901341
901345
901405
901465
90166
9018
901812
901858
90197
902079
902086
902186
902196
902198
902303
902331
90250
902872
902960
902964
903011
903026
903115
903237
903273
903589
903751
903755
904040
904093
904176
904737
904765
904772
904781
904810
905
90500
905258
905674
905762
905779
905916
90592
905995
906032
906038
906189
90632
906379
906400
906504
906603
906701
906797
906802
907067
907133
907276
907301
907754
907943
90808
908254
908489
908622
908771
90890
908949
908999
909088
909338
909357
909364
909513
909549
909559
909669
909826
909970
910027
910078
910261
910431
910494
910546
910585
910611
910632
910661
910934
910950
911158
911187
911460
911571
911612
91167
911774
91179
912025
9121
91216
912176
912534
912575
912787
912790
912840
912955
913032
91305
913066
913071
913298
913312
913355
913384
913517
913712
913799
913914
914042
914160
914295
914413
914521
914527
914585
914593
914600
91462
914678
914916
914952
915183
915210
915241
915258
915263
915467
915549
91566
91567
915686
915777
915792
915919
91600
916007
916112
916125
916160
916355
916443
916485
916533
916670
916678
91685
91694
917031
917065
917149
917218
917517
917595
917622
917680
917841
917870
917932
91796
918114
918129
918620
918626
918633
918687
918799
918828
918938
918965
918990
919180
919184
919209
919210
919262
919282
919328
919334
919454
919486
919593
919620
919642
919680
919799
919913
920137
920202
920370
920408
920414
920432
920449
92047
920557
920567
920631
920718
920780
920826
920845
920879
920944
920949
921008
921078
921129
921205
921276
921295
921422
921604
921704
92173
921745
921998
922258
922333
922376
922420
922430
922468
922494
922622
922677
922701
922803
922808
92281
923158
923232
923333
923476
923528
923656
923761
923888
924009
924051
924053
924119
924278
92432
924455
92448
924562
924599
924681
92471
924724
924785
924937
925077
925094
925291
925395
925429
925468
92547
92550
925500
925656
925696
925705
925859
925926
926224
926260
926303
926390
926465
926565
926721
926791
927208
927286
927336
927365
927554
927603
927997
928029
928214
928335
928472
928475
928497
928521
928613
928647
928730
928743
928958
928964
928981
929264
929302
929346
9295
929660
929969
929976
930027
930143
930295
930549
930632
930655
930657
930680
93079
930830
930847
930849
930922
930946
930972
931170
931327
93134
931516
931561
931562
931582
931686
931775
931788
931907
931928
931947
931960
932057
93211
932141
932243
932289
932372
93249
932707
932758
932765
932779
932805
932925
932929
932933
932999
93303
933073
933237
933259
933352
933408
933473
933485
933513
93353
933553
933664
933709
933774
933904
934032
934049
934243
934377
934529
934607
934685
934693
934700
934718
934845
934923
934932
934957
935019
93506
935164
935361
93556
935759
935795
935864
935931
936061
936064
936127
936676
936729
936775
936965
93697
93700
937141
937146
937229
937306
937310
9374
937478
93753
937577
937640
937645
93777
938034
938056
938112
938175
93823
938271
938399
938511
938579
938632
938675
938755
938784
938844
939041
939252
939329
939420
939427
93951
939518
939577
939763
939797
939943
939996
940133
940213
940244
940309
940351
940376
940387
940489
940494
940544
940672
940798
940987
941046
941145
941166
941216
941302
941380
941452
941506
941541
941610
941622
941630
941759
941760
941926
941990
942029
942037
942040
942131
942522
942525
942562
942910
942993
943004
943098
943259
943333
943336
943395
943489
943537
943591
943652
943793
943882
943895
943904
943959
944045
944057
944083
944094
944135
944305
944507
944622
944676
944687
944775
944812
94495
945377
945514
945731
945810
945815
945900
946053
946102
946233
946517
946678
946708
946744
947008
94726
947305
947355
947404
947504
94758
947741
947841
948009
948134
948251
94826
948373
948414
948498
948548
948628
948721
948735
948767
94904
949046
949075
949082
94912
949239
949314
949351
949406
949481
94950
949552
949602
949666
949739
94990
950074
950111
950112
95018
950292
95042
950539
950679
950790
9508
951027
951027
951224
95132
95142
951449
951478
951531
95167
951890
951952
952079
952193
952242
952303
952384
95268
952697
952724
952805
952916
953068
953106
953146
953467
953664
953702
953720
953808
953814
953833
953923
954057
954074
954271
954345
954496
954504
954650
954670
954767
954772
954825
954837
954979
954980
955070
955078
95514
955142
9552
955220
955340
95546
95547
955480
955500
955520
955661
955703
955736
955794
955869
955913
955945
955946
955964
955999
956078
956080
95618
956183
956257
956308
956514
95656
956584
956588
956783
956868
957091
957126
957182
957544
957640
957643
957649
957657
957679
957726
957759
957805
957823
957955
958038
958174
958184
958223
958430
95847
958482
958515
958656
958686
958763
958844
9591
959174
959192
959279
959328
959389
959470
959546
959686
959891
959930
960190
960199
960231
960243
960396
960644
960847
960994
961015
961156
961439
961477
961652
961734
961908
961947
962119
962228
962266
962307
962311
962373
962426
962573
962651
96272
962780
962797
962813
962826
963157
963304
963309
963351
963428
96347
963485
963522
963580
964057
964076
964102
964202
964257
964322
964428
964595
964613
964992
965239
965248
965306
965372
965511
965535
965546
965612
965761
965778
965941
966
966016
966095
966112
966148
966236
966338
966462
96648
966515
966533
966582
966735
966818
96682
96684
966970
966973
967113
967170
967187
9674
967480
967512
967684
967813
967829
967874
968015
96807
968086
968183
968237
968272
968381
968386
968448
968495
96872
968766
968810
968987
968999
969117
969129
969427
96950
969564
969569
96959
969656
969735
9698
969919
969974
970211
970222
970233
970399
970556
971282
971639
971755
9718
971858
971859
971881
971929
972198
972241
97227
972477
972479
972521
972601
972751
972793
972934
972938
972977
972984
97317
973176
973425
973480
973522
973694
973723
973752
973814
973943
974184
974289
974512
97455
974610
974663
974698
974732
974894
974943
974960
975256
975395
975483
975494
975501
975694
975718
976094
976098
976260
976288
976307
976377
976408
97645
976452
976479
976696
976705
976985
977030
977100
977157
977247
977332
977417
977504
977658
977671
977702
977786
977874
978012
978052
9786
978619
978650
978693
978747
978939
97898
979112
979362
979415
979553
97958
979659
979673
979742
979773
979950
980092
98019
980253
980273
980319
98033
980377
980487
980571
980632
980679
980695
980769
980772
980971
980990
981203
981218
98125
981318
981391
981446
981558
981569
981714
98180
981851
981917
982072
982082
982162
982269
982284
982322
982390
982527
982910
983005
98322
9833
983337
98342
983481
983584
983712
983766
983796
983837
983856
983873
983895
983952
984018
984029
984080
984173
984650
984732
984745
984783
984835
984975
985260
985297
985461
985630
98568
985719
985749
985991
986083
986115
98622
986266
986316
986341
986408
986472
986552
986559
986611
986813
986894
986946
987014
987032
987038
987072
987077
987094
987122
987178
987314
987399
987578
987584
987758
987772
987828
987903
98791
987920
988022
988165
988201
988267
988532
98856
988718
988721
988844
989056
989094
989160
989169
989203
989349
989569
989575
989599
989718
989852
990136
990143
990164
990486
990740
99079
990924
990971
991034
991328
99142
991617
991619
991642
991690
991819
991830
991880
991909
991975
992034
992158
992212
992273
992328
992420
992480
992586
992687
992756
992805
993072
993105
993108
993241
993291
993453
993577
993591
993727
993732
993799
993813
993832
993908
994077
994123
994216
994248
994270
994290
994309
994573
994573
994656
994707
994927
995018
995034
995106
995406
995639
995743
995759
995829
996041
996120
996173
996221
996226
996366
996457
996536
996926
996948
997004
997039
997061
99707
997172
997246
997312
997349
997379
997415
997448
997504
997539
997595
997700
99778
997780
99781
99798
998005
99811
998399
998506
99864
99885
99903
999032
999395
999501
999604
999623
99973
999820
999923
999996
