1000
95126
153893
6292
255798
363492
26944
632176
850019
966418
300027
839260
189240
361013
396994
955002
948388
575013
67363
181554
541092
355408
636792
59027
396329
51675
734161
435596
74790
534565
56955
440971
580296
43810
286948
603591
892695
484973
104453
372145
379846
317419
64548
236070
196365
447375
279639
380321
70737
907094
12828
412578
170103
155616
976125
214035
478797
366235
843792
265633
370352
173305
467688
468802
549505
547255
178389
92325
558132
472763
672761
584857
428204
318466
764161
283206
997071
82289
793491
734312
692463
97381
145138
895769
735974
714148
577094
248733
229052
429818
445181
266023
62329
608920
894664
33522
246111
463625
650579
327055
271942
749246
269998
922194
565135
192384
177758
638271
259450
146531
283336
177362
763690
887278
252886
420190
676843
779965
154353
643179
874028
382729
165257
548060
581607
100807
591944
161191
516984
332206
362161
913174
898625
454280
814754
312111
693099
403869
502803
270709
909365
280823
145810
94665
752142
939655
424567
124730
138685
315082
194225
204113
42134
13947
932588
287959
607517
922860
228509
264521
20846
108483
114734
751055
375773
663062
798941
916942
390066
851480
56277
163013
534311
780469
968476
543430
282154
241176
905242
928369
308162
412534
82622
899689
491030
683942
134769
260521
216489
673124
800344
542730
255633
325562
355962
615304
32464
618806
424040
286443
413382
384610
564659
967664
863580
663404
995013
273832
71352
657641
170123
158200
864957
934440
333908
505031
753596
710741
516366
983301
534134
114610
400090
853915
324611
40217
252791
488314
520565
731736
998351
977519
104005
866106
744004
635350
587419
440652
586083
663344
47246
979224
636555
257726
799700
8911
89494
898758
133305
448594
992104
877824
781548
12231
406197
404628
105984
75864
586910
29186
772882
467018
383457
338058
244688
797193
448872
229187
441230
939680
656864
564446
219189
85550
127963
255306
96457
14776
642964
954320
676499
8620
881828
433920
46080
284120
991830
969330
162477
530014
171354
414757
191680
744609
659627
775109
775142
423500
127240
399917
632058
837077
886261
968605
489216
18767
234169
781094
817406
477640
434154
94973
104947
375205
635977
212028
763026
927797
124053
795970
693803
627632
887863
844440
570820
840862
679198
979844
950048
615490
691333
272443
265115
144857
999582
625157
579228
130059
467402
769014
509525
918500
82368
824251
429060
527745
546118
311167
622424
90232
522809
674654
950566
257204
199934
575641
198005
947872
935822
712923
935057
338682
412990
811418
220926
599458
626225
851794
37831
287643
467293
955154
606263
521188
68074
875730
51158
782136
104878
361450
278136
539567
852578
417996
577199
623918
150890
938364
63769
398356
234238
542019
671188
381269
309553
686145
921931
765400
91215
333409
478383
961019
716205
314536
734938
540454
211613
620991
656895
781846
701843
35597
637615
217561
781943
721810
94141
49231
845114
583380
791306
179169
814867
833199
348266
747615
961502
220047
23628
672092
969876
983613
876659
569073
945625
924463
621368
266045
513690
725229
538239
76030
194585
151379
328613
321670
397846
958775
95873
160634
3815
469514
605974
846550
306434
779558
748244
291453
689179
212816
51623
623623
417012
227809
963973
231339
816309
647684
256581
687667
434291
319137
231910
550989
520121
977913
381897
47782
599786
155674
47496
243875
450298
191171
428179
839597
245174
701726
901644
747770
835297
116936
337524
692858
202592
592243
371450
388619
702345
135567
303388
2623
249619
507930
369583
913084
652509
109527
317099
729054
822135
954368
387869
380533
551152
992219
92362
552455
375080
194656
366631
738640
198726
882578
349894
752358
920913
706378
242304
205471
496544
276175
996202
604895
474303
338075
904384
326702
893738
949776
828342
38359
518913
327123
698085
749175
949561
13908
833677
795030
631962
290170
83534
910405
360505
662859
930395
456200
903053
977974
360233
477420
422875
270192
927561
556864
66299
967330
891763
184613
984598
430085
883740
537253
827927
444025
753666
673200
409517
962525
217678
215831
428962
984857
541572
835077
567174
338333
449825
574423
498019
336201
818530
533222
634888
292600
179852
76378
723819
501461
880746
506560
787602
53841
335301
31676
452586
150653
947476
875552
7471
532430
904553
234989
33587
233784
643811
675915
238613
214187
51667
553516
51777
689579
496716
669410
777217
460538
380478
22928
389068
39092
572249
29372
979250
966394
992891
627746
762202
257366
415246
931789
590359
934954
867521
201626
305343
257765
59062
410581
347765
815808
954886
302059
987858
827842
560630
59707
406298
825536
348799
482652
377405
625798
371258
216046
993459
7075
442087
526146
577103
916214
278335
385109
582175
612579
667994
794688
336896
209
782095
28363
708865
908747
390977
518902
509893
842350
349616
37935
529918
818895
959395
172688
718480
620832
934357
8627
428424
631288
10593
833998
668957
594824
67876
128442
285061
837502
341508
557922
665002
354689
528133
227375
397502
94448
270477
538001
11495
77099
407215
995071
889547
680086
918703
747480
587148
719824
691717
783681
654573
890838
593980
634830
472031
28940
621023
556708
673684
200128
799680
644878
675615
404928
939988
665570
483007
231346
397196
447237
757904
819883
834788
645364
58920
384315
826819
507465
761574
659030
870690
197575
856814
100647
607789
153729
766226
807388
482029
846187
805846
999402
781905
773076
451513
416846
298976
761071
237483
945038
826951
627069
710082
523197
993979
408636
521975
329870
840756
314812
541623
294083
965180
911669
34806
667324
461378
833581
698783
998550
99478
178482
306270
924896
482472
109732
797566
221476
392931
685701
10445
79176
537147
673856
230085
538429
155832
971533
860418
619432
790722
742880
289166
75345
426448
150158
545239
422917
139628
831078
146273
870326
585698
505963
145032
658973
595946
906560
525366
845398
322371
389332
194239
134097
252386
423559
571591
631501
378166
65684
892917
441211
508762
791762
847298
754584
485446
897485
479305
866310
502876
318569
371148
633153
696369
965050
717309
593897
859423
879579
405621
47969
785919
757004
846536
489198
900465
514327
708538
159782
293798
955552
887387
651128
910588
275904
73055
998478
786291
311021
280512
482297
570561
942228
326721
959898
615957
491951
715192
5527
802371
245645
118855
50667
132339
610160
43590
59339
993495
44428
952184
158963
513558
340252
208885
422166
339283
354661
351330
204856
974817
767959
458578
942826
709885
33570
199840
222466
778924
328753
855533
830251
627220
508752
772671
503969
485383
574007
962983
741238
603582
419831
674069
232298
888069
921752
147256
697306
142218
890374
308270
547887
32059
774743
63317
429317
568338
369387
213852
761522
553227
974828
398024
636770
308039
830628
894477
7764
278787
453730
271723
163500
897363
275328
276348
623205
693610
268538
637418
368976
706581
714682
113466
255684
579298
361619
576789
789348
262616
991444
160238
635923
177761
71050
5779
295595
980813
740267
782428
272234
470066
