9946
90808
460742
420959
698738
328267
832430
282678
592787
252566
761934
809567
235805
381145
186536
341377
322868
617460
372759
491971
55117
647607
428353
618457
734935
827958
516247
967113
494349
801981
398652
127840
90007
808167
476065
500331
928335
745437
274510
983481
281954
735103
595045
348346
458936
421157
371087
298817
720033
258573
970211
722505
81592
585407
878252
626742
440455
304008
119602
425734
751827
670501
261158
930830
711570
302160
603295
867786
210281
207933
445006
63002
661462
877759
951531
113803
588066
693727
452812
821513
861955
28518
279625
325691
920137
301920
386062
487568
261382
701915
91600
511435
746832
132665
474807
530502
285623
262532
487400
357224
92173
355993
130867
529835
53209
894794
572731
267414
118932
985991
224244
844509
856330
799697
200179
741489
252160
997539
831558
776798
349890
764024
764600
597294
874171
279960
713420
511264
550088
560424
922803
56351
465968
275651
9295
140829
880082
892933
967684
463444
415073
693491
24916
489076
957544
69308
888632
535788
654125
458198
577711
766607
321288
935019
405742
177195
397723
145077
19139
513013
310134
689776
780581
273330
709411
375266
651095
823535
314898
312296
926260
727556
597445
95514
995034
560294
355086
820545
891623
807800
579167
513508
864077
386353
864312
757848
263044
727512
133698
568691
819364
345291
74498
128733
61221
407885
144968
486799
271306
969919
323937
825772
743259
848246
259141
383047
331811
439921
602464
190176
108942
865496
227446
8246
320986
295593
116406
213479
761697
815781
802187
377539
497726
710877
108627
752532
621373
779862
82952
307127
206245
716005
584805
263799
392285
324909
89368
406012
755646
529362
30649
575935
601599
839683
868767
776026
377693
963309
401991
59041
319660
858018
196258
955913
960199
990136
996120
249433
853578
302266
603316
855754
793212
372846
238244
726010
470537
829713
38182
134063
364602
131500
27323
923761
380978
528247
585919
612379
957726
930847
324279
598323
593558
983837
56191
53413
444074
505091
437666
808386
213002
798043
783804
79400
73945
738758
247776
446440
863969
476361
889196
899560
811479
440368
240189
810016
162674
876978
41857
250081
769240
105507
546322
516881
223096
113811
641666
141608
669546
477444
782908
672513
954979
876362
604739
883222
683987
358107
491387
158458
689319
287517
937577
472873
767672
131735
350039
144504
906701
758270
171121
9121
504137
277781
834153
563422
306941
423370
812399
404924
485616
340064
372014
470153
429556
41577
500144
68476
200215
135994
398502
900726
724062
751972
71300
484513
477542
789984
828635
12395
238721
719974
493180
630827
352685
51884
175369
27900
538613
497837
447139
722942
981391
563376
949602
222913
450839
234119
271656
124090
387235
449319
405337
700149
919680
410974
383463
520996
75618
501005
591112
432956
829913
294787
388470
6014
384340
758107
69031
880250
206770
982390
337474
517701
461473
379221
336329
429698
800285
360637
813131
135470
200578
763645
141233
846948
773909
515802
491752
431372
101112
456830
83169
753913
344677
674392
917031
200051
930849
29493
837854
185115
984173
662313
561154
549681
846389
4094
625880
489174
206465
105613
870976
172438
399152
278562
821948
74904
396364
374560
614144
639516
392761
33657
132893
4258
860611
52535
804646
235514
754696
543954
418425
927554
614853
173861
177170
449753
501129
306636
924051
392352
156629
230864
835406
588779
338028
974732
116959
987828
806068
378658
987122
603213
585470
272064
971639
440442
85281
176303
215405
679415
908999
903273
827912
923232
742198
753167
57036
477924
581735
546589
592538
152083
701799
635140
887090
331387
254997
589374
857946
242269
814326
240401
565403
524629
131233
9508
931327
232941
546343
206508
694564
505532
503831
37963
688731
730183
724029
466466
738735
375403
570342
127568
798917
192755
137749
124962
916160
263620
587348
290419
673963
583454
371566
183700
252569
580827
774629
925705
150994
131927
386288
837513
161197
780895
520846
345663
513678
159209
417875
384743
712249
615112
604466
741574
49307
563911
847477
587562
730693
50862
732390
557935
49554
491737
956783
125047
995639
81490
832674
28698
684514
70916
790213
639279
845472
31861
927286
643861
586753
370302
668459
180203
781918
655608
493501
149673
483879
279246
94950
458320
761025
125709
278077
711399
82765
682961
702583
8654
333544
566915
964595
844870
656069
638555
779071
925395
607049
440687
794594
253052
100439
377554
29954
618436
860805
287589
240493
262739
106672
426066
411484
885395
698316
292104
986946
994573
865514
674145
625641
235909
776713
418000
253119
933473
285810
49988
982322
340664
869194
387884
117010
788894
266899
185493
483917
198690
197563
633567
887479
765839
670237
38832
386426
341191
111834
652728
192041
375506
244142
216102
388138
9552
37574
927208
648302
54744
185286
617649
417086
753839
799842
671417
248029
104059
204822
690654
192552
355450
586475
718322
413682
736154
894457
724600
775685
536013
949552
981917
921129
95847
761965
905779
677412
919328
914600
527246
753004
302557
791394
910078
640711
179871
979415
83009
221042
172850
754511
828932
467245
892338
186793
423534
447727
214091
579267
630282
331027
61538
162457
79226
247409
960396
553531
803188
808988
823318
522564
438028
63721
419741
624647
402069
928497
472919
283049
243540
657300
245619
398482
177413
219307
303435
271758
243320
554791
843803
166286
528681
17386
902079
824468
535787
812389
360963
952916
102385
585483
391492
164627
9698
748781
733195
198886
412703
508212
198383
586498
293656
668441
147890
118625
572521
824587
922701
715796
367219
460374
119637
146003
912176
614528
320750
25110
818771
154585
589196
47932
420496
227901
252770
952242
792769
287701
672961
95656
933073
272597
989599
753172
418102
61684
694304
937310
642602
986552
363031
389502
681302
110213
415328
448605
624169
938034
449000
224405
599220
759138
939577
913298
748178
66670
956588
811788
944305
81883
676320
651494
876349
245415
814070
251729
634469
268820
457909
140731
922677
693165
973694
215900
964322
430807
31894
798046
353931
951027
724956
731537
983584
384986
165201
390694
642005
580826
691812
881526
143524
492125
287518
305318
631443
289171
161343
774486
354867
444162
920449
397391
460013
283981
926565
713948
857227
63361
624164
157441
175584
517998
611175
191183
565865
481629
514831
627873
681066
593803
832342
78868
98125
899646
699430
24403
192868
739492
683709
105524
574253
862654
394357
94758
809272
172346
557412
674332
987072
528826
40800
758265
985749
515455
974289
78238
705624
415407
804142
466559
902960
166646
793809
425753
152095
432532
112527
833158
767486
159684
608590
486951
753432
486755
992586
954767
679909
499336
84624
686545
192736
511039
528397
128910
588207
485239
16434
950679
752502
131855
264716
287179
554542
965248
931582
60328
894435
842033
110195
28405
6051
825978
605714
250623
197699
401319
884847
275871
522748
204162
375638
711263
318686
469464
524226
809419
640328
968810
958686
674029
258097
630791
757762
242893
502246
299306
636437
359152
436784
587235
567169
273099
180185
330245
846908
549953
696916
539923
597689
893946
670396
257022
261667
943895
823059
930655
78976
993072
413411
698887
62588
925500
122860
787998
216554
275224
303298
301067
914295
755767
873734
607518
260536
671974
987903
80604
398805
542920
807647
838810
517167
569249
356807
450368
378035
769022
661090
558300
628794
807080
843267
987077
327892
263237
168925
201599
74472
284461
89573
385600
731628
91305
677395
387595
253174
14637
843605
864095
757760
298461
303416
244569
869442
170777
527471
435522
593156
629712
941166
247286
351649
464705
95618
765772
377548
533555
935864
446216
26329
442401
934377
648399
98342
288586
765031
333912
14232
33054
555026
524891
902331
921078
149064
82636
737143
199118
703143
340986
480582
886363
736190
99798
338172
43819
478465
831114
820297
245950
641770
524296
676846
899158
35142
272568
550092
442078
19673
281562
722894
652492
483579
149365
791362
89600
231728
594875
333256
514582
650924
407014
346738
389056
149973
449300
150087
898609
818334
479464
793609
778012
904810
469148
724313
974663
939420
906603
547230
573921
104473
674290
393028
397614
578509
175228
157927
837954
537098
997246
304809
976696
973943
827812
849317
783239
577333
403632
346191
357880
842604
467210
661829
108479
943336
97645
207489
771768
186940
582381
59841
104164
595347
617353
211684
958482
604814
508621
437707
671379
880603
398403
476031
336254
142963
944622
657074
623409
803365
549957
947355
608676
171550
466661
262188
365979
257396
691693
979553
153613
205599
650093
988532
787595
959328
284410
664905
548137
52651
165027
48443
571828
900778
705367
952079
74761
692666
239361
969656
395292
17425
450122
223761
45373
669972
70897
283628
297617
118275
287805
819584
863733
110140
85682
395411
23195
426652
205948
411526
320045
624793
126593
795463
206984
421218
845728
747459
104922
734031
988201
885643
942562
441453
306806
74275
572724
847023
150118
796155
723537
179291
257652
484182
505747
918938
333956
546772
10292
906504
193539
512419
221691
304952
364153
56698
135727
619172
756843
898392
101474
256452
523234
596108
245449
18240
731539
19365
496829
949239
163756
89626
620024
286086
759925
653616
986611
552830
483882
298969
317811
565702
538489
77985
15116
323019
129765
417105
895166
86727
138532
858914
369147
809709
405984
397056
428364
988718
522760
590339
985461
218551
790776
509649
891454
519131
74410
201772
802847
755879
338635
870070
781802
589135
221079
566893
310146
915210
794616
708724
56882
395168
583425
791754
530551
910934
856743
246780
679479
984783
255569
230483
126509
115216
772634
498805
765763
446828
178458
52405
702522
487217
109810
709918
196917
207242
735867
41098
528850
262976
411127
52298
708428
178109
215666
219948
211879
710385
652139
921295
604340
850087
159726
484698
105928
92448
436542
743786
996457
18806
64484
294918
79243
55032
831375
940494
402055
686042
465029
117988
522640
897973
540233
956308
637235
968766
712776
645102
565048
289942
991034
636183
949075
233432
249848
612912
165337
915258
99885
328764
187697
909088
524439
294049
482810
786161
725046
189731
240118
4710
862257
728757
82425
286645
726241
204930
60491
163028
218466
294405
737302
354762
387733
154974
803529
542161
835578
418822
280273
947404
522870
159400
659945
720743
315957
880907
297987
809887
591491
106071
481198
101059
688237
285683
970233
671217
521042
672502
725844
758387
15533
381626
742842
413302
361060
634921
98180
795047
623157
82318
586016
694914
65718
362504
294494
211690
114495
183970
820847
411381
653726
919620
666468
13437
487619
668725
15176
950111
797945
2879
396505
260376
623746
820215
610385
652412
962307
832632
788764
405262
221910
437961
233249
9718
448079
149456
155746
427229
350899
162177
329288
19313
272160
329205
858928
791907
709553
678413
232758
591800
670589
571348
307944
666605
392470
116915
458881
855323
490212
385779
139274
388414
676437
156428
564150
703081
331201
549776
424214
307303
338532
436261
14816
423955
956078
116427
862491
392026
663238
635176
989203
511992
12370
304781
219180
114793
345855
139000
909970
117998
397107
201390
559629
680065
627908
938755
290475
982269
342306
821884
278250
787651
108892
538035
214661
811054
775036
841569
104383
132178
939943
731457
380351
230281
724928
997448
717260
751345
19572
209988
928958
389912
294664
931561
478209
441913
911158
351516
501163
688643
771283
617358
613970
295898
51660
656696
216020
441314
366039
288898
280556
987178
664455
919262
607311
953467
34710
948373
480571
610890
389554
785997
994216
632811
169323
234784
423205
791107
655175
987584
672563
383007
854848
415575
72789
488499
775679
264853
72045
514718
527164
236800
790190
326914
550824
878806
785677
593419
563438
944676
966462
126603
325611
62322
272122
808479
444816
133311
406264
404883
197269
292493
297358
205136
657563
137469
338144
383270
235953
547396
319823
358820
848741
42403
783234
82814
531040
762250
5591
992805
21599
631509
392621
435667
608586
497001
379549
99707
155149
23651
961156
151807
472258
644440
391589
969569
122074
832205
986813
246916
434740
995743
843203
708976
902303
631291
490913
299378
560455
403195
652969
884930
573701
639082
546820
901858
566195
677103
813388
712462
134808
182080
948767
811835
412676
38116
59453
333517
872870
718655
501980
475628
654666
835781
173398
695618
944045
504020
112542
212641
689506
845284
47766
20903
258474
616992
979673
656833
368395
834019
742685
746696
747977
375640
793149
922622
328370
519074
833805
321655
603073
738614
417430
335340
414972
262105
632939
170617
813717
682446
205956
105448
336342
225519
427057
545145
473843
210864
23527
272610
259789
439843
458933
65407
172733
922430
334311
499229
549269
988844
419207
540112
645947
621204
393237
818204
661959
579546
19690
447455
8504
178322
95142
428516
695749
941506
269627
558476
916112
781468
273295
136629
617355
826943
684781
194556
993727
980769
846903
623967
596501
535752
234383
642951
828655
561546
912787
395673
250710
686351
820470
46391
430059
974960
702468
646419
493153
445104
837037
993105
156430
471612
279642
826128
14500
599691
32822
715348
281686
227221
168956
212677
307834
955946
516395
709723
909669
993591
151457
95547
132361
537140
310871
520930
789725
463725
362328
991690
308460
654720
917218
238014
858232
533933
898006
724541
608345
1841
333435
276102
850915
996221
639330
530045
239041
498541
181986
682079
382316
540871
416302
894362
481475
554630
100238
285233
490703
671844
534434
845924
206632
118357
319522
473396
621431
890738
709315
471690
878869
289932
532632
199027
160362
663583
871470
700242
777851
117991
913712
83028
130489
432652
201084
67791
6734
40943
376760
578300
437975
176160
814100
535624
385992
798207
4755
294635
48683
377726
72259
116415
289057
274535
703928
474919
905674
106157
722831
289453
913312
559425
904093
704412
251632
91796
752041
500871
561774
280837
508056
489242
932057
185730
548172
628500
433411
659310
786629
903589
509321
697758
357246
261086
206484
674596
68191
124340
976452
686000
967829
844924
776631
651521
611403
504718
409002
662757
406134
961947
597064
521151
691576
193272
398490
487551
605074
633591
392414
402973
367395
188528
408672
957640
652486
467381
91462
882532
821141
89192
211522
286528
636705
152908
845235
380264
652147
870821
966016
455745
23825
386078
845402
321191
720618
286153
400008
215059
706202
846778
850929
789057
778279
957182
101164
174444
480837
877943
387379
164983
436791
375857
801003
934607
6572
643487
940244
999923
303464
310231
167197
763083
148199
126916
110324
211337
805108
51972
821924
892617
894911
137046
240436
841449
668535
572116
79250
134245
894667
180677
701225
517533
721160
764595
146521
552890
954772
594385
864006
954650
685874
103076
405099
338165
58284
47554
924681
714810
65161
79904
96807
758037
803383
237082
794560
169138
820243
200709
885146
533549
721396
606132
739917
666401
694266
732990
755776
441018
455707
3350
920432
944812
192300
190613
5149
856911
924455
827654
639506
754840
49387
856295
413960
211976
919334
178074
780130
809954
824411
783843
629267
900355
665329
28005
330446
955964
332300
729164
566792
747369
842454
529029
225812
167031
663090
789515
925926
596809
26211
30291
513125
214349
23305
268901
187459
666958
376802
158002
772869
367735
895773
334021
716663
433562
780385
559240
536497
624925
270239
453985
873863
766265
77277
116510
517287
805756
655244
467670
905762
729167
117324
164594
767072
888116
746327
133479
457839
555235
785209
309428
196946
632204
643461
150354
774291
517587
83286
56324
627155
965761
787504
877672
201445
23662
685628
882194
938399
191320
82759
667433
737115
778269
152025
613543
671709
191286
457984
640881
483978
265407
261257
316778
52995
181124
714063
643586
315006
672768
95132
693407
231187
525933
723591
429430
84707
908489
126724
182122
61338
911187
843681
884204
431890
399422
864189
346085
478188
725055
531110
599473
189330
616371
97317
848865
170266
964076
706673
480710
943098
786084
759210
162609
116257
278219
355228
507410
465311
776494
291005
385049
232766
920845
576462
908771
855799
764538
60870
775040
695881
932289
91179
635223
263970
958656
325723
351853
238117
131921
279386
634277
128567
676838
555520
59394
369420
228920
986083
531724
668419
388837
656484
91694
12286
518917
874629
287679
843778
433297
306110
149703
689669
321299
427217
859607
91567
765557
951449
978693
23832
954837
485718
410103
898856
492735
263484
515831
917149
179478
851928
983873
917517
59412
780580
498764
664276
561032
772392
93249
204911
85834
396065
572473
528386
695446
149514
233654
599224
383649
788413
809445
480006
845562
472295
705474
836335
437727
379908
313694
745700
613368
955794
572643
528899
689525
245108
134915
893793
758125
79960
957649
833241
272635
949406
571793
665730
587171
622783
754886
500954
89519
105822
344668
22186
546984
206139
621171
997700
607806
763524
289923
725773
125446
761758
456299
740824
835573
997349
440919
131869
553645
723527
202176
800119
512012
135074
896421
241027
702832
936676
589930
151778
569430
572054
913032
92047
236598
382603
308917
992480
983766
109390
735342
405957
99864
666507
452076
583621
751676
22309
147563
984745
989575
485014
793322
689729
340155
501898
754170
569631
412584
384310
245736
66077
831123
69383
790713
191053
579098
189304
445252
683002
20260
597691
730273
13590
391471
976260
270746
823252
424682
437810
615468
423211
717995
795974
518565
168028
509975
494492
22030
528035
262581
1615
318791
879621
62228
196951
461017
786345
126573
893347
593889
984975
112803
258876
735425
471239
920202
230466
828934
9018
520821
283377
919593
725446
577129
306437
65357
931928
3802
917932
147926
111990
181135
710629
965372
6664
705135
190380
766965
785937
899206
751471
627137
466814
662653
996041
616994
166254
476440
300261
724765
130808
337515
686051
210903
478817
603196
546130
153511
263073
375332
975395
394797
997004
63258
332835
535681
994077
551127
11026
932243
656740
725056
891429
576106
742329
674307
276198
699181
12805
296263
727400
612874
518168
509489
307062
45833
821758
449452
435754
968015
79598
845065
407446
209329
202313
987578
697083
644398
982284
276041
509807
281867
404363
389184
206730
749583
923333
51095
334152
819154
934845
714252
896517
8350
245798
953923
769930
862879
535136
674887
567818
894628
943652
281903
574116
520319
920408
618135
515301
754344
50564
379064
372512
328797
908254
465652
270949
645364
959686
54754
682468
609618
413006
623884
727896
509038
272351
971755
969117
821533
747676
620201
89590
826623
557323
66575
841964
725921
123685
938784
414676
780981
813972
927603
359571
754761
686085
943904
182411
690509
797292
848248
716819
716308
589208
962228
211218
73657
934957
823612
91167
993908
897481
819751
968448
916533
584690
451049
912575
889032
107204
207841
336812
103599
893649
291949
580392
714768
76020
518563
330934
463819
725965
347055
538942
370909
470017
287789
153460
933352
275329
611044
274993
577980
265173
426848
431710
897398
704795
825215
771520
130501
650081
227355
578172
321478
993813
987014
91566
675651
110570
755569
73524
965941
537858
508604
31625
156760
490102
43168
365332
268335
636641
442833
239025
465388
609337
185584
419142
930143
155423
160664
900833
288337
243839
382171
762946
773462
865733
278881
565245
497208
881513
794420
548643
996366
241375
176191
371801
495313
903026
906797
217227
556257
149730
420817
585277
887597
920631
868942
23056
383733
96684
155570
17202
226376
208680
217941
920944
240692
244818
294991
326846
826379
115196
910611
49683
565252
850093
75716
62240
887131
229636
316563
140941
234355
369135
484647
146253
434949
2131
346877
179718
940387
539754
505802
215990
564990
526691
266197
664997
461997
707696
152992
808315
193624
30941
754747
814612
212649
311833
932925
845701
673479
452120
52108
606110
4584
806035
627660
480247
969735
882037
514775
93303
902198
587417
476171
444101
896985
815938
219048
568004
872637
15344
757086
259620
482452
486209
513329
338051
147749
860577
117551
625063
97227
920414
453902
274848
568176
617389
980679
735983
567791
755810
414187
887152
756881
835368
625494
291271
615357
4614
440036
576547
66689
679902
767580
706635
727339
414627
220365
590368
87529
939041
864191
130649
142082
984029
838427
99079
694681
133366
917680
876746
806578
186705
114762
843102
852419
863656
647501
630016
958515
815961
245985
58530
493757
265959
310930
592648
455298
733668
814133
506650
618447
846323
386395
238484
748163
424808
379671
21946
100284
154349
491492
654215
485842
372025
226573
536946
740125
440195
436426
134561
456508
121570
239010
402606
462425
519480
198637
492352
636459
905258
27186
552149
805562
67440
468174
126776
446204
145008
869465
406644
701324
834642
140676
708779
676980
116367
353715
466344
346420
785503
841831
719845
402724
931686
139983
397179
686513
881254
872356
724200
703304
344931
284897
936064
270171
55726
136715
174434
769972
329339
738354
844895
310101
779751
968987
885670
708296
767461
625349
8972
779844
448383
629842
539502
913517
147676
854260
245043
378911
838571
441184
444480
766618
566660
247520
131398
265880
599097
997595
958184
48988
277282
916007
212628
806734
973522
564114
703086
763530
579410
112350
238476
417405
901345
240213
553204
335372
689988
904176
989056
479527
73511
123667
859635
409789
376061
984080
534842
76613
130921
918626
748217
441909
632832
876722
502719
592055
773222
203713
355619
941622
433712
319240
757761
229734
807915
870343
640333
527671
74558
675360
989349
174319
818342
852561
554546
197472
381656
451786
819646
824724
872899
267008
367411
431498
801853
931516
160953
925429
117423
22263
19066
776658
125538
896571
887408
11319
594045
666350
319726
724237
581257
83259
97898
377195
132046
962573
328717
335483
591323
798901
473696
205126
291877
92471
711591
632363
45922
464794
610923
659543
308413
262764
614099
994290
106095
467617
588705
656113
396782
245189
874393
432501
956584
805784
33771
690306
709782
586245
976408
282175
725306
488834
752758
338484
336448
398286
785302
670781
486519
770781
23551
36022
576011
744683
147434
39580
804490
612475
701330
604325
350905
497733
45585
443209
46162
568133
81645
271006
550040
397550
145911
629886
971929
837969
483583
470896
296554
326523
722022
719472
669488
262242
939329
964992
883982
349446
701247
99973
181441
919913
934693
508963
955340
127906
335493
189733
552463
458216
208316
976094
812140
397051
918990
299720
618239
50150
575538
518212
885162
171582
486046
684396
801393
740987
573421
974184
833645
269409
647326
618320
915183
1599
709896
189627
536832
988165
312318
299414
727016
533426
517971
328031
458136
290540
175414
194880
711786
773393
989718
153625
121550
295871
961652
719816
513741
351596
777281
10926
689958
14023
894263
396041
32609
9591
524640
382219
818350
949046
105893
140209
315263
582571
535012
237358
432073
80013
706451
156757
248751
903237
305576
52271
417802
608298
505105
614042
987038
941046
542958
516795
158946
614681
167511
977702
662428
330820
934032
130452
327880
481635
557041
602210
289887
829824
699108
916355
485429
454899
531758
487894
291335
776165
536591
196193
849399
482982
567035
832419
269265
16690
372834
461717
927997
478456
362058
263618
15263
718596
720372
345528
659531
717554
947841
100110
609177
190149
624452
867953
102309
545156
72041
243280
545252
596292
245234
674448
712683
634034
373210
177169
585203
424947
186366
6599
871287
220163
76893
777419
353178
96872
355783
891518
997172
826535
628562
373423
87032
330485
73570
305781
860009
535269
114834
843673
982527
256172
776191
83205
102619
585569
757250
635979
281491
645909
784388
268498
981558
781410
140769
748278
38387
829024
741070
681007
637028
735995
963485
634160
959470
567827
671346
966515
768115
334410
720498
18712
616482
984732
827759
722517
864569
238442
210736
922333
508230
544082
9786
456476
667146
999395
145795
93353
226225
539965
541567
350712
566524
219518
544115
474037
773542
899506
469153
484553
920718
430551
431940
411812
464415
633697
73742
716832
865259
491699
198516
610750
960231
862395
145297
838660
441434
635822
246955
938632
667042
581843
920567
289412
929264
877743
677535
844101
817162
671583
529947
179998
570361
740268
434706
88748
685717
30376
148381
469424
601563
309772
236067
129743
893443
940544
489988
284456
191933
34812
349292
680977
599615
918114
486430
838793
399803
752761
447855
161939
697585
124435
835375
886710
237413
855804
975494
709047
348642
198731
734040
652339
911774
30917
954825
979362
70654
971881
727186
324395
46443
260375
484112
148008
573033
576779
812164
635434
95018
165683
57633
65736
359235
107334
452022
144280
450759
471584
561377
775530
595901
274705
39681
975483
555779
503571
73526
730754
69933
73151
280224
614200
521084
134864
743738
890848
879291
519552
508871
352803
49642
709225
805408
345485
307779
788050
398333
828715
966
357751
444521
589226
730786
162794
87785
601487
296161
401803
676070
785862
94990
567261
932805
513570
122315
120183
676053
484832
972479
137936
41644
565465
931960
700075
402001
381132
460007
548401
922376
835607
914585
789188
844412
133736
916125
576374
518154
173997
995759
808801
909364
940672
2105
2116
366332
315594
318537
887427
974610
311327
935164
721296
34099
921998
859669
498967
75521
684473
64604
343633
845667
50363
871813
569789
793180
946708
277707
191522
957805
692136
235874
991819
831745
102258
368084
761161
379443
143608
652632
656871
690848
741262
561517
724232
990971
628391
442130
774922
762163
5191
280478
18465
308347
260754
8345
123840
69853
776316
110085
167496
182062
694166
816142
890863
7166
426945
229987
177457
925077
126894
115182
649779
395797
140726
213792
454435
530151
862115
15394
550700
794378
111372
157613
261802
277433
362488
342413
822859
279902
723109
555561
59333
48819
804262
86176
169315
568292
235298
311589
396512
226466
423973
890183
562900
379967
871790
102150
295452
955220
75010
889241
744664
914413
657470
247029
421379
183346
980632
228164
325695
856880
172300
185607
795824
323798
274572
774280
251537
744720
629030
907276
359099
303412
136431
291574
418746
943591
797164
677987
129102
30362
910632
968272
652495
57143
962780
191393
697755
579186
505815
992212
281557
90890
589666
361753
13326
374969
449694
281242
724660
814931
501724
87840
228425
819567
435880
178622
632635
260573
695265
712859
406363
614878
618324
786922
939797
527223
621870
132306
621128
334060
173758
430102
198051
292747
832291
18958
65121
341321
384148
453092
513155
915241
798959
401628
664722
409240
184872
343111
584584
510311
924785
180138
877206
650552
414373
562580
198222
150628
791791
552716
740476
267833
12455
226533
646443
122761
41595
615060
906038
23773
178768
474237
258149
664553
334790
845342
781692
298443
259964
528217
124252
811450
265509
124034
839341
701192
745664
24500
329266
619454
621357
608144
954670
498890
200527
664330
896946
278862
681031
929660
989160
743074
940133
713668
36711
515541
913914
501180
39427
450355
909357
470335
876676
478603
381108
315906
28301
104611
511764
273970
273770
511939
331286
847836
209765
932707
566076
208639
188269
178939
694895
584015
642276
144883
242503
272179
35057
642241
758970
181587
445203
289135
162819
141991
779616
816228
499394
358604
348235
446846
823968
243710
612393
911571
976288
664341
285865
988022
294100
745703
593423
799271
767065
624725
180476
385223
583377
875781
328793
221217
207031
304511
128850
741093
848938
649705
614644
252480
654103
710757
258971
176820
154025
68321
41504
691130
263357
781070
736525
735418
31958
787205
426734
408077
896348
148377
31363
434909
846486
107368
877088
149891
176648
68156
656277
795038
284772
847069
648157
457918
271538
904772
197463
630112
571718
622040
333774
103030
352443
209864
977504
959546
900596
319403
703484
750216
860671
184603
898272
570473
118739
965546
743802
77093
593009
187191
186673
66032
559314
925859
635079
697060
102942
837967
759991
370753
577795
701000
79986
144227
777498
423307
773388
42019
192015
540478
685670
344739
290949
133616
373016
440480
834699
723085
362477
700004
986341
886379
454877
429570
747644
66702
980319
646745
964057
213362
445828
746140
255645
977157
529917
635183
240476
725099
414950
408997
786054
194999
502361
557947
390216
249472
957955
308120
783552
588094
51564
860489
589952
552414
409764
477871
54512
675618
999501
789539
948134
41938
972977
778202
607152
927365
243231
48851
597094
128269
664242
421766
886966
823421
742535
656987
18202
44450
708742
709330
853351
856199
87095
967187
458644
386314
261806
735213
936965
932758
609938
564599
565540
571657
603265
784309
743065
411259
639280
319789
7829
122610
793178
121934
292502
875165
947008
651204
651535
386688
721289
115536
866707
513565
28192
146344
121538
965239
5335
676576
578454
830596
914527
203793
99811
902196
474067
948498
978619
713041
165476
476739
74232
122059
755144
933408
380462
480977
208394
966582
973814
637468
566207
175776
625355
623433
600063
976705
966112
304693
441882
779485
884483
493296
328512
743504
748023
218247
356509
788793
36621
684037
244612
975718
495893
627868
11589
623936
920557
572133
243587
693348
160427
191059
298791
397677
473550
896926
831879
701245
569456
89537
603176
593766
305485
871100
449840
400992
70319
331777
332833
742868
405464
986408
500770
738819
492983
596321
753163
442110
669337
444890
779518
507434
199116
816682
409400
328057
937146
571602
886483
19076
824985
588858
966533
668982
631127
779332
824919
849096
281783
71329
977874
448503
913799
189051
255040
675093
584902
319808
80063
996173
804170
304595
192957
332985
791992
914678
230596
322165
557444
222310
77213
74845
815627
804998
618274
874386
167143
354472
750028
608218
834757
27523
857631
602439
498042
300531
444295
692293
58904
239881
241987
285054
460222
860617
486544
470289
419056
851757
493204
491759
728752
772265
668457
307852
780633
659357
890188
651865
867563
626047
313289
879483
923158
427240
456860
59317
543903
148973
893028
309026
49592
966148
185276
137116
972934
175320
304025
576029
165728
607608
346203
69678
649288
886719
409541
511175
534173
272167
856859
447575
448328
815663
454247
900524
196819
438547
462348
174792
324091
943882
829843
910431
530533
563728
72583
157826
852281
53503
394909
563937
61725
452649
802946
857214
288805
473848
78545
890079
599295
713105
944083
726298
221675
863912
635161
288979
395747
408524
570542
478376
20739
797720
867934
457275
720493
441261
123005
249978
627879
450752
824128
987399
105316
941610
66877
251162
564268
425441
744311
144514
190677
786326
464969
190559
526024
338734
583866
73268
629493
747224
156750
255169
734536
815391
314960
361651
573179
680252
327128
809454
681384
743274
169979
980695
89607
237271
126836
448194
542144
803414
93556
943333
459222
559780
589458
527476
737378
746443
254512
371419
416454
858166
667177
852002
21734
630652
390782
312734
789483
870050
706209
268895
274132
588912
625927
47327
181870
702420
284932
941760
661541
946053
29726
683621
957643
376135
353515
153112
415247
660050
221209
198941
469073
136170
445664
186245
844829
120473
885072
280425
576709
649173
41213
728152
971282
319653
742687
370393
454264
72933
574379
976377
107276
754958
74394
290866
878457
562166
585392
202481
50990
6676
146198
819523
709992
594460
856575
783856
447511
577697
612024
105326
915467
331539
979742
455683
12106
261935
528192
109385
852788
170350
565517
624557
876526
757001
96347
955999
88957
268777
311442
827303
289765
888919
445326
828722
738739
573734
559390
457735
453094
378112
914521
172497
252109
889282
158815
558473
217282
934529
751842
889953
764277
814251
930295
714794
928029
680375
152044
626981
598268
258323
489982
219786
469818
428072
600176
514026
204025
986266
351079
261464
82286
499635
133002
866187
904765
160322
56186
106688
64054
142931
369149
893010
702672
448596
133128
745775
180831
938271
524970
607143
585558
894916
318137
241728
442293
851665
63338
207160
636518
982072
837883
498265
238394
580265
741572
625448
593611
73018
174739
259246
496986
510626
940376
74705
732093
476127
859153
869315
284799
465653
300031
518133
33782
97958
966973
561916
709191
983796
999032
439496
442609
845981
452777
377844
652417
948735
231006
366493
803274
919454
980772
238601
243002
124421
906379
385288
990486
929346
852205
442660
794806
585078
389750
619763
499118
337893
594072
469994
384588
592611
241599
883451
677347
253200
456069
160092
749551
824811
491659
377483
769553
809245
227458
515820
347311
351050
968237
518310
59377
60034
342075
511215
812695
111461
962266
178497
889017
193024
618588
850719
963304
965511
915777
686491
786250
565429
887192
127859
160600
576247
787211
225170
707463
464045
960190
996948
593199
669322
56358
830049
739980
276534
820409
617698
756661
430915
667418
937141
507715
218552
952303
522403
588687
419461
460164
294953
945377
527858
165700
289356
894744
600685
291151
517914
237143
493015
599452
931170
979950
956080
447709
731592
997039
634969
109223
321454
383911
578516
162616
128332
697242
438467
440216
22503
170200
460339
702374
943004
384758
258646
360860
969564
514602
284484
6121
942993
434625
373087
648239
940489
89484
636201
424244
413890
869250
561353
923476
134718
50066
689996
409500
835628
752117
792682
545941
450678
2573
440669
159750
624957
665874
291778
860674
701004
207999
184404
107356
931947
60570
141934
955070
258639
546363
748930
73331
459428
467397
377911
220259
711898
444005
576640
370789
604641
526538
319895
83555
239312
796819
231914
125496
553185
146575
168156
408233
384868
471248
597388
275610
135639
890964
616360
611427
573222
786143
4388
99781
322646
239524
479988
343836
871064
690510
371361
503596
546804
756568
738992
441563
805165
498704
402242
706472
921704
974512
308206
540353
963580
606626
303651
750404
57631
879536
708345
840388
397884
107064
204187
34645
279173
650629
112861
758597
220981
952724
277380
538089
706290
926390
616880
549882
401390
604127
624515
88662
277527
238255
705205
941926
348070
568974
577238
815456
160716
301201
900435
84419
182438
547202
173782
789217
925291
203511
491440
509148
148976
68198
708235
539536
857093
901235
347804
889535
587469
594567
875332
937645
362985
610288
279597
294249
419465
776133
377574
144648
921008
370823
981446
26760
44676
855879
609761
648107
618130
6003
280595
19281
422760
838586
826514
939763
836521
112166
600315
4966
743000
425207
309061
483295
307103
904781
993108
488824
528887
472788
223723
761293
43753
640483
846890
4756
233854
564077
518416
916485
886808
400153
642472
138083
936729
201770
351542
943537
5359
488792
483146
261547
987758
857177
321294
840886
780656
45614
517027
986115
266210
524865
110412
818983
934243
792628
261652
918687
744082
334695
705351
88265
172200
141061
632332
552637
458611
890160
913066
834139
930922
4874
467813
589176
525088
255789
396995
628058
488721
845788
805300
568734
956514
258916
749038
82495
692986
8258
703603
344067
213204
688350
546346
76437
309849
200267
549438
481975
990143
180659
932779
181955
958038
454339
255598
650264
380687
961439
369637
402915
646610
561174
731501
188200
115789
915686
576870
986472
533811
655183
165616
52507
528152
741015
572387
956183
683628
163692
996926
949666
640619
340005
248058
558076
513652
385120
303286
588166
304295
771527
64001
667332
26215
613429
288109
318980
166689
425319
369601
913384
333642
830808
258554
531919
4225
798938
905
457469
123314
160778
440431
764562
622255
50817
846180
73859
297002
71948
738386
700847
796574
74710
89687
805637
389683
223514
721533
222658
306144
873032
646378
385126
782263
409559
463607
212702
725939
89064
96959
867346
962373
588553
695006
237970
86756
45787
139751
203896
997061
921205
545820
114316
424433
239257
566400
169684
849349
951890
515006
36981
4016
504497
571668
217570
596804
161194
946517
284422
451712
439963
560435
404481
964202
331200
327387
907754
299659
380470
327324
161776
63230
132697
275445
464976
609219
542499
251400
136788
148401
391950
761131
576771
848095
38725
447806
32694
295839
690363
440040
460531
693665
889874
30039
573822
202390
864266
104179
64793
696854
377390
392111
943959
863458
819510
744907
793758
40179
470703
358569
264603
381014
525487
249289
952193
907943
889623
558181
828277
580301
751841
254250
287373
695775
533692
982910
121956
274240
453831
233406
863356
160222
308424
493366
682290
392701
494370
685730
691624
967874
877500
371345
328908
898837
665260
190292
582367
938511
710302
988267
354753
94826
400591
378117
798519
425611
830696
386856
655389
219947
474142
441221
972601
825946
460036
557984
282509
698014
303396
905995
708494
475964
704884
778440
978012
19829
857685
346595
101440
561371
415513
96272
675839
187820
624940
801868
374049
443924
422981
109109
790126
335003
356857
148318
560815
516036
290314
313649
353786
681435
213368
463591
442972
922258
377411
555148
104951
93777
540447
21250
761657
282036
884246
134475
236039
815198
790742
308787
809509
989852
508203
809116
851915
75963
670733
748446
964428
615405
607303
108525
804478
396014
862284
649997
955500
159545
941216
914952
388792
92281
384115
85641
431071
810511
192353
68642
172860
868611
284039
552398
734209
638122
788902
903011
883780
425184
638502
778777
45352
100751
13017
284471
359871
625466
814834
898059
558544
941380
561356
383980
533550
51170
541251
251536
991830
678565
176769
458767
292940
33028
647976
917870
498135
947741
107397
315526
4545
441971
939252
653471
234849
176573
247102
350516
866490
1459
944135
43976
850463
915549
558079
909826
730882
239112
117489
503675
769612
316694
394322
390700
756372
887967
629009
407444
638798
633384
350553
747417
803526
801690
960644
90632
525295
33462
206286
933774
254912
595079
669723
406465
946678
234522
940213
174969
151850
664168
609884
503899
501886
991975
343952
29891
759559
563466
991617
221801
134656
192557
250963
836550
715607
331812
990164
795075
833583
712558
833585
629659
226395
747670
378494
66521
928964
707567
519565
473453
682971
107552
378574
673070
388795
156691
526949
688341
130177
182611
515656
6952
937306
866997
964257
347470
71141
163073
830182
281274
551496
564523
706951
495143
417549
84943
894778
827343
752162
942037
994248
657009
679849
241019
908949
546094
288147
467585
166481
228993
236
257589
928472
517710
722935
547080
558466
852416
953814
977786
498175
226538
401617
535705
40151
603879
346846
39105
22484
936061
518890
898968
199499
845595
270124
468576
913355
65861
500407
653897
741095
688026
52872
93211
911612
887057
601699
547969
598928
753128
775242
26914
452244
876404
321790
58676
618517
487845
927336
742537
678060
842330
987094
27394
731065
443521
868333
431053
343833
942040
156982
570072
549654
973176
622523
324137
766892
993732
164717
189301
609671
686713
928647
343813
810548
194728
176791
634807
411287
64027
920949
548006
192450
540760
218630
228942
842914
231298
779603
867546
215917
507412
535973
96648
728978
533024
138686
706766
329026
466027
745402
980377
13084
173908
290228
104696
372116
186896
603743
727120
93700
174663
338773
504873
601665
345193
255681
260861
634597
150021
743665
383239
675015
983337
722580
948721
845514
627544
483714
962311
886115
788078
207754
388923
175934
199624
10884
981318
75796
200289
837531
723582
777985
933664
551396
721088
640852
580522
66196
103220
362557
256066
823617
300231
440423
326784
563942
728712
10507
813586
121120
448037
769722
256998
929302
290376
524391
775020
549603
195432
169322
363866
452204
594421
235798
454024
379618
245290
427941
765128
511757
497483
206802
464709
346557
142142
736496
566240
22242
951952
897371
556393
736458
959930
311066
337602
306041
391107
753715
260487
761057
574990
49483
624507
223815
465410
924599
503933
839363
660317
170752
609735
170484
690741
480525
449459
71010
172795
62640
652695
353538
367591
748138
941630
854321
64000
555216
957091
512947
788908
107495
381789
944687
924724
455290
524228
49452
669879
589818
464168
333009
955078
639135
907133
690516
421106
450440
707767
625106
553508
353045
873333
854660
366435
614555
95167
509501
338381
150686
528878
499667
390877
548280
968381
963157
368754
896357
920370
991909
867756
809917
458466
966818
980487
844382
744891
652885
117403
888729
272598
720301
603915
496211
18497
209973
285566
27310
915792
442377
981203
393324
836345
362340
711026
817544
591986
473652
712885
427103
478906
630847
470047
868154
551066
819115
868814
198395
723470
497003
536877
453277
116627
838239
910661
276616
869282
940987
373463
720732
157963
705932
835294
715984
171165
620711
288118
819165
432394
467918
618995
121859
825992
521272
933513
689027
840777
536664
266139
885356
491490
364039
980092
242038
293877
795865
88246
38882
663538
817554
536092
387667
443187
260967
521347
59150
994927
690730
923888
965612
320162
27070
315658
202514
629607
675362
574581
897111
997312
259470
392990
735153
692773
76854
646204
371129
547359
195672
645152
453003
768028
593377
256692
246425
203520
578895
6958
333124
537149
542155
951224
172872
333346
815075
240390
997780
884724
780185
729718
287576
348057
112155
677831
539304
937478
53497
487533
632487
547800
510461
816027
795490
772136
603065
860004
565072
68289
599857
959279
169227
751431
192922
435961
686752
653807
984835
798854
255571
344151
648095
432365
465141
734866
353424
227204
174837
383176
56840
697976
575861
749937
667302
869280
189175
348105
940351
833254
579437
210964
582732
439337
18147
605149
538986
407049
651108
6125
246647
218241
368796
111166
663292
831688
813330
409210
341204
676181
626071
481651
693426
930549
382266
650864
449860
85284
415039
736823
917841
59356
279405
857393
72932
119162
37732
997415
363014
878313
912840
472918
33721
850378
970399
141850
123315
836414
849603
390310
320809
703678
537302
342567
397823
397864
320851
975694
860267
269874
173062
647946
685939
101424
572480
245823
646939
694256
392331
788784
129497
954496
240863
92547
164352
837742
576663
81929
626413
69573
393780
178963
599533
139334
203389
130951
681166
597750
244232
90500
291771
702290
543071
534022
274743
102040
109958
454960
991328
304042
242685
142695
477721
973480
752679
776963
84505
846896
628627
70325
909338
617304
382626
613649
451596
997504
244773
647808
674147
576829
604109
182938
356963
337495
902186
446512
204434
910027
406839
527568
781985
153657
317446
70399
953833
456156
935361
236827
522552
86353
495016
948009
888089
452554
359083
724249
912790
190491
684778
332257
255528
116630
60688
844053
695155
88295
411727
887508
73991
198761
447254
486714
361852
807682
336604
918828
209525
175902
300869
131671
472868
316765
341671
684399
571661
410370
715986
611906
456750
275134
155333
334211
872498
597103
751450
11484
592013
600164
744534
171595
938056
19344
625173
329388
312937
704951
143806
499710
816370
997379
428377
824275
275620
234298
594156
946744
11366
771379
831485
639767
317256
919486
379575
638600
457145
307512
813025
808318
828317
462999
401442
584577
20980
350812
821039
77074
363557
439252
932372
592496
300199
138493
963351
463159
18073
610384
131087
384708
882456
884880
747014
684713
696947
9374
919184
131960
763264
275694
697517
508873
308284
856418
442751
592085
380591
606556
94495
994309
136588
621026
368405
660534
589231
170771
486089
684918
723998
316449
670443
601756
110151
128942
461311
158462
275359
910546
769432
396657
728496
737084
831205
424657
773256
742762
680143
534338
615911
301569
671061
448430
849679
68996
699617
276971
731473
115907
987032
812282
901341
506789
622905
990740
865367
949314
547010
293049
4573
729799
243598
71972
271070
443810
222326
571057
12816
122566
918633
629929
494379
443836
787260
138412
33821
667746
527023
95268
60332
903755
318652
774721
718138
225028
675780
883567
736577
344110
928613
23999
760727
510209
165515
846717
761598
11106
260341
862591
14161
678820
234764
714211
761396
460442
865488
366156
299633
591367
910950
804991
959192
158630
528362
458124
337857
725074
704849
984650
855866
712113
637686
874100
223205
511248
857339
978052
248926
350523
714786
435071
310708
622970
704120
720007
800781
844196
493438
712539
716786
302045
445099
834025
345516
779434
220461
296319
612406
954057
461505
863442
499862
931775
666500
973425
633385
111318
396667
657681
179577
554824
65368
336390
773540
1685
867308
732402
856055
344024
399600
234478
636032
732682
98568
849496
328687
304374
628231
646097
193809
104558
862402
665697
187372
228426
142198
481258
441377
444409
359398
377611
802341
743367
313795
240563
958430
607012
200669
355700
907301
915919
119582
36909
368569
580173
616890
457637
510422
960994
267602
337278
218687
519514
635839
357655
162285
229500
526707
375953
174001
205573
936775
325424
814200
707711
751069
93079
753517
409361
857068
498770
504044
482253
415591
21230
71528
501860
900074
428169
254303
966735
891424
526494
193535
526631
773997
394556
933553
943395
291758
546563
41066
732472
58438
74603
849787
290868
284317
183043
614230
417592
593221
641353
931907
128372
414973
872627
950790
586740
981851
615338
433927
564017
338125
180003
742306
265624
307759
980571
442844
422935
536980
693566
412580
498390
469874
677964
131924
308728
106389
897177
555413
688240
950112
687039
228851
808340
258608
115595
58317
429442
853091
581484
403264
792260
859411
742230
765999
276243
829304
466403
960243
249711
909559
930632
651934
551843
944775
588573
387374
371447
136725
882703
688345
753581
589730
595053
123365
857372
205907
518728
252270
47742
464695
186197
457800
301838
392236
769021
858543
595880
319337
751385
469894
498562
12781
252583
780377
387866
303347
28171
164512
381085
220830
228827
893598
435663
413209
44186
618000
219425
277624
901172
993577
877746
483508
560230
440128
433850
431203
246572
921745
369984
41188
199022
294737
655125
568467
235643
298260
509405
17267
859021
419356
968495
824756
448139
36840
471871
787155
147667
817618
284080
287738
691536
329821
574436
919209
962797
263839
566170
576514
489543
62285
448269
287087
225482
738449
751651
148324
884035
797087
746081
392484
428732
691113
636583
945815
399611
201594
35005
869544
570117
280814
120284
477033
756527
486554
767599
59059
869093
524848
767582
678451
173105
128932
28052
916670
469170
494155
196035
219391
913071
273580
32543
211233
272607
946233
531389
418335
250141
652232
221003
773008
292208
569929
645113
778957
331363
183968
98019
402746
75891
771839
273026
192827
865078
746236
360813
364091
760172
616939
600347
464254
785648
210349
464747
828881
103254
741205
783913
669861
640301
857076
938844
598989
284870
371721
491128
211834
874298
469146
884237
401428
208329
201889
433495
188062
822949
921276
656892
297660
851184
393984
994270
344927
337626
33963
917065
346609
268782
248463
479504
345511
979773
329264
267155
661650
93697
876113
535930
359561
197576
979659
444759
415322
374513
470506
210005
105566
888399
837297
898434
142026
94726
789229
834005
844810
134840
542363
993799
304386
357972
748846
655833
901465
845944
777773
626225
343596
409653
601928
414991
732624
504688
344375
652442
30624
27966
336546
118717
284751
961015
380183
174526
134992
850046
398018
123773
93134
312086
1145
101920
68830
596389
741743
438406
795742
657363
473282
151289
675323
804220
889223
191847
144128
361659
186381
635020
564178
334968
300846
890013
390415
897620
703852
781848
270695
576524
694034
5623
38651
49309
518
371472
59293
302077
748419
106771
930972
34
793032
879800
558689
977030
504428
80863
295716
815632
849031
604737
199084
516258
161632
523700
764614
13016
149778
644381
196230
249167
43907
933237
213148
31223
710559
171885
300986
210326
894022
976479
189451
216306
275770
139791
51119
31528
270149
193962
276974
963522
113226
747826
287364
711718
837299
985297
748187
734840
443951
294053
603181
601215
499668
191357
60467
469734
909549
345598
541651
368721
920780
36428
276861
703148
352960
622226
406979
532331
834453
915263
233488
66609
533155
603719
874172
430373
892419
298311
173751
944507
843825
101116
105280
715147
876756
249251
534706
873541
197390
520843
891520
468104
334273
498586
799916
632388
155861
700971
465291
463298
248727
232542
963428
853667
566718
430622
970222
113534
165029
592177
283807
540605
120790
505150
385815
336330
941145
655604
952384
44103
778449
165018
595112
34592
260880
490922
697584
896719
344119
4084
315975
227151
637980
531493
98033
29539
39960
606548
844163
928214
673719
470318
345022
676140
912955
878505
119300
255370
850417
1577
955520
247667
55683
836897
7106
474809
404520
288427
391131
91685
972984
263972
823256
62286
70890
451128
237104
242197
29895
663036
975256
802391
750350
309415
128371
73926
187274
9833
516113
309564
814706
959174
456642
596006
64360
856309
571530
743961
14639
889445
977247
831463
251044
531631
696560
999623
666362
278947
443947
600210
825837
598675
427391
170498
662197
899663
144250
748129
549406
15745
498540
892309
413659
365348
246493
28331
613883
919210
390325
206756
935795
858474
189207
635596
303759
656939
727244
318098
404542
705452
605194
375646
394238
560786
7162
48408
370493
457000
630292
526712
667825
944057
212434
229410
448429
679600
582704
412917
235192
672044
312854
7364
76227
917595
711158
652919
32940
204225
743997
958223
942910
543024
928730
617090
6850
353807
78362
403926
613531
7200
690219
333340
116479
541931
130760
504087
482835
945514
291531
667371
386227
78338
503180
492477
67103
356161
359057
583264
285618
485850
861735
237328
776173
777412
673283
678819
193601
850933
234523
575426
471156
966338
806199
334644
375663
937640
500970
493876
816296
903115
269765
522491
507805
179215
352886
109991
139883
31913
728237
134671
318461
575231
138485
377218
178094
792605
200574
810261
67716
401963
892108
820871
774862
576933
38993
855298
284982
566145
451411
678787
862725
333858
235627
568168
173345
829011
90592
220172
919282
149952
873773
477577
836366
458910
294958
650843
208120
355157
382172
27043
10907
454961
875212
24086
687884
785916
746620
576951
980273
636946
908622
813759
341639
526748
518807
847989
475772
825815
996536
51685
187708
127376
213010
484815
632205
57144
602258
961477
389964
232877
470095
793575
892803
601464
745669
459553
149870
533363
244952
924009
722530
523818
407688
308056
933904
734583
400507
852780
393157
630731
6808
731119
278245
80272
679280
256639
634383
819282
309093
784791
266853
680281
966970
570494
45643
892975
489537
655576
298929
880706
524109
972521
187412
596623
745910
458453
529714
524932
711325
599635
130522
54287
229405
218601
938175
262268
468627
595360
862434
621342
528068
471556
6240
640348
563355
69422
364090
132640
255537
367209
518122
317663
572097
780661
788620
145531
749972
502564
953664
849364
19013
273316
211482
954345
696605
899717
130900
58051
775337
72762
605412
122866
907067
858542
473796
599636
419671
486185
470070
293680
174711
277055
576028
98622
281009
330301
921604
875487
266093
255745
43843
531328
802351
970556
42292
439192
473554
316330
934923
919642
619255
541007
441332
461049
140645
855543
491982
891105
647557
240671
849356
792168
852258
983856
248046
54248
848974
235144
366195
618749
54128
148220
843288
428398
113585
853875
432641
941541
454444
668754
512193
429163
637220
149327
384976
353602
35913
202647
925094
889986
454340
968183
506798
592383
87598
978939
488277
391426
564008
754159
821222
616408
617523
599510
616060
572248
525338
31774
235529
763377
453485
529209
902872
430137
383973
740601
295760
819330
179013
7651
180279
487972
61302
498412
965306
681476
114044
44609
922808
601120
876831
349656
141345
866161
373293
668192
456465
780152
853873
222019
218710
70867
527999
641531
247504
211468
95546
512302
483758
569900
905916
328275
704020
677206
951478
71895
669167
231079
213033
745392
580936
555126
564972
530592
539369
396252
694375
789671
850675
189716
248480
520459
162921
365838
604001
232701
537534
604050
246532
251715
393202
188592
789563
258308
920826
710271
411672
788385
785260
863759
129145
822000
21499
659962
817817
427561
250474
607106
711819
758393
455872
496332
620302
988721
993453
543908
757406
932765
645892
958174
732521
419623
578100
753671
592362
51701
880796
363127
227777
238938
722769
889331
418655
235921
304635
179161
700667
657694
967480
462954
100058
180618
860702
649037
792878
414529
185257
869170
90166
737278
817233
4892
688292
968386
786114
285604
100747
775931
229535
368485
955736
160207
710382
387072
308143
616523
718951
860400
767925
300695
178617
46028
92432
331188
889011
776307
149773
314368
779033
476173
423502
241990
985260
196657
644190
772387
840613
372372
76596
95042
220388
992328
658034
33649
233095
256588
685915
578358
971859
134128
397852
54562
873518
719506
980971
240610
628703
419061
662341
170997
647790
438534
462602
730299
621759
131473
619504
617413
950292
580601
755060
490856
536670
603804
562885
357520
502590
314865
100885
4846
77978
183808
917622
642213
704802
502666
64829
918799
793358
167660
227424
193056
458142
260300
302558
828237
592118
259727
615129
482292
982162
847835
870625
657244
13752
815432
813695
632838
612586
508657
121722
682010
682148
302546
720879
358580
381416
348961
794683
296642
666457
704138
706037
686184
296347
705696
360070
956868
501217
683759
477023
335417
934685
893717
789052
2348
630484
878136
591565
105907
67899
584398
966095
478074
349503
781945
458275
365857
767507
413057
288779
115002
841205
802305
227670
711035
807964
416034
619537
641148
267320
716524
544857
590523
197363
492611
906032
684654
725237
756813
883376
933709
766319
760398
64479
674278
374095
673407
139008
341312
660670
429840
934718
484697
249842
534784
506902
357044
564795
781493
145934
144251
490130
342145
119101
571452
285690
160171
131134
187132
347755
383885
435282
698507
367886
738301
956257
567544
196126
780063
286076
244993
948414
792164
272121
264771
523366
107779
340690
857127
49214
174688
454080
666071
67631
237350
383450
94904
155880
670282
451126
36992
658632
849444
823123
399982
286990
164172
267289
534845
565973
312743
659093
15786
814772
259370
606135
4600
556219
55808
621252
665891
795694
171247
282680
367806
838802
743560
546050
842827
89911
595153
352170
420902
692875
772805
929976
794850
148003
82464
902086
307388
255685
903751
948251
101815
632349
789793
972938
475347
62708
386812
523661
608899
661701
387590
260659
26801
670829
812685
190788
11576
554855
984018
685812
381355
132462
240789
669073
448172
796521
52988
118273
397159
529769
715423
989094
443196
959389
871286
248068
380987
706505
317582
449941
944094
833492
792530
222035
785135
811018
353865
140902
691105
293706
554241
82323
333406
838020
314948
934700
529089
766409
656133
239558
131331
16910
998399
919799
62423
922420
149132
325992
438810
7544
455195
213017
115340
438841
604822
953808
650731
253501
594125
204889
577612
244742
390467
86354
899290
604348
954504
769380
929969
529530
346483
849594
914042
44144
933259
485693
649180
348651
401969
143455
923528
109032
38481
33457
371078
482649
26864
509442
357124
859969
584569
478749
775672
114342
551881
4046
519195
699625
464922
918965
979112
415270
380059
272338
396073
803586
165352
188261
477735
954980
697974
910494
20411
741366
667049
957679
122554
11333
964613
383237
648055
246065
68434
615721
226320
716402
764521
410117
279270
826580
545339
243554
750583
636325
13282
77790
991880
394620
735515
439268
376392
152371
544547
920879
818077
730093
982082
129675
257812
866530
568213
122816
867760
210762
351078
402437
962813
688275
41090
121088
356441
872004
482534
867592
987772
456788
475211
170649
745912
542461
926224
665554
750099
784972
795566
345278
261983
312275
663432
706118
888878
370612
839859
992420
541085
805790
501471
571622
528401
420160
631243
653133
382462
447069
483963
284349
986559
335362
246306
704992
792069
103413
536401
161787
986894
653928
687182
817120
661361
199335
541900
880102
502983
144054
332685
288451
523392
232867
922468
578944
316876
583736
715782
762332
188009
767972
682
637892
981218
734981
14017
16114
728475
46844
775247
962826
567628
378788
397953
403925
359909
311581
279656
43885
7040
676330
817500
531609
365863
163451
531410
785724
869899
42734
615724
749867
148747
494097
401124
821311
98791
483115
741474
734663
809814
313855
183200
307311
972241
676671
36173
529875
849061
889549
406759
437264
226000
767095
642611
722060
328303
826644
697761
279594
207973
35893
306266
708519
712857
976985
569832
557026
822598
757873
379863
52571
782496
373637
669892
819695
121317
188308
542791
149992
779678
846591
922494
935931
534082
665035
730652
608097
117970
521000
17629
101825
154812
912534
749013
256972
881031
611003
759171
859138
629794
467845
885375
642347
592662
435979
209549
525593
311062
410160
726459
684804
134617
577765
235048
744623
599950
780930
876550
117040
58065
328807
66029
22915
992687
958763
495394
938675
280553
869833
45700
261915
945900
906400
720166
352613
801060
947305
659226
371097
378987
159979
82302
579587
416864
751832
484721
844419
484949
39618
173337
61014
639320
415522
914593
620853
67809
910261
450861
972198
21441
520515
597899
674878
330481
497950
904737
985719
953106
309843
869224
810946
754429
205607
328898
189420
55904
600843
831221
372455
609310
406832
522298
268696
139667
354010
92550
192626
685933
49075
708491
242552
262056
591939
631450
236497
424887
412320
330806
754324
808530
404912
449678
688946
926721
649547
841674
438999
388146
319287
579846
761988
822009
302974
852505
59232
700251
101023
230832
430281
710542
655303
619376
355730
941990
256525
765002
182376
754287
84712
560353
120972
315600
930027
153363
370003
779417
736701
355069
977332
542523
38134
582640
157173
279297
880564
530830
918620
834714
901405
587926
195856
526129
18545
412992
468870
295113
232081
865702
687614
906189
745731
680865
699
130968
928743
51219
873967
253045
648841
479870
61868
170392
24902
242849
668353
733162
572239
543912
780415
330982
969129
990924
621661
759842
141235
815792
713448
547489
209401
101021
167294
702803
485780
211279
456554
688276
775557
566681
12273
133955
400576
777900
164358
289006
805044
242477
74706
567396
197341
155998
791138
2552
13089
200118
895548
143709
392211
769078
858748
854874
5595
54684
345224
916678
508975
763839
789187
943793
10449
593999
328716
739024
493267
252757
161119
952697
424857
615785
977671
657485
663528
717566
879021
323097
8085
598213
974698
346535
386057
196783
462170
451091
881086
660704
926303
212476
738037
602303
272961
436483
962651
753712
811070
856686
244582
718418
341178
171480
432364
810241
438249
496436
2505
364166
184469
323825
346099
862930
567753
188880
831816
919180
202397
284007
223851
210673
499961
275701
90250
62289
349804
119693
418216
331732
691378
877196
337042
148823
229676
204913
570349
40336
802297
592624
768289
716416
379635
787535
203450
955945
600965
189762
855357
857725
177619
365063
853513
267453
199529
906802
339831
345474
953068
577125
107819
357511
994123
683861
983952
224854
579800
428453
288598
393457
801800
275717
379346
628355
932929
522537
986316
434662
803601
45171
402173
158907
6582
764340
460580
402328
962426
171542
425239
307307
882644
844607
524438
384144
124626
688647
170066
377234
847896
716219
512405
670045
633795
188539
245302
235521
967512
947504
446428
430891
175988
353991
333887
553871
84435
781683
781440
567559
30034
47097
681950
700652
680998
393772
344
181195
306635
911460
530923
5599
999820
108266
294362
489623
923656
86497
526017
850965
203538
467335
644347
146148
909513
731744
394856
212100
810504
798095
728206
618661
660067
981569
882799
802210
884875
559006
973752
443890
339660
517284
652683
834991
58521
983895
212952
977658
893679
209832
235035
507707
665244
743812
360617
315167
836833
436174
56676
144613
413114
869302
801316
848301
975501
198900
36786
811676
139658
86148
849966
77738
560617
232025
139517
932141
484775
360923
434522
124072
46205
203595
680589
854734
886163
165990
45641
661676
811794
930946
543364
774313
654338
261747
450692
82537
819731
221062
993241
749504
983712
667571
937229
331043
746243
777770
291075
459410
461284
714184
436092
819300
222329
860540
556324
606984
858441
760723
858305
364851
96682
741055
141600
807560
81997
564568
157761
788280
146151
665415
912025
184440
30679
87003
939518
782903
806039
938579
93951
56371
203036
509193
30724
191217
809545
253538
687045
548703
742416
501173
240608
362521
712631
402753
133299
693178
104676
231099
156323
735688
801434
60663
211714
159282
587766
591023
942029
743254
672628
732374
418699
857786
110020
994656
32107
329269
660460
302938
955703
21127
301315
994707
871865
49713
968999
405094
319914
839640
931788
837498
844039
877988
992034
935759
302397
967813
661498
81978
33208
184465
548561
110593
867856
440806
467849
434518
931562
954074
649161
486677
142849
641977
303074
439615
592635
578519
568560
8250
718130
32818
224718
397288
445263
403585
8557
36309
504127
726221
823333
942525
998506
428623
663727
406592
568296
961908
4250
985630
707715
180908
749365
345394
863720
705420
70663
17791
724269
821088
323972
554477
504739
433351
825658
365388
537777
243040
712836
480616
957823
18373
110656
93506
633243
173938
316423
744267
184055
223701
623589
849731
473836
955480
265147
987920
128572
502045
181367
788649
871351
835062
129946
626945
71431
300509
980253
290776
404524
870501
953146
449330
233577
674172
983005
280154
612662
343634
824120
925468
175730
133000
631225
725024
126473
99142
663254
221026
783914
612567
279322
145880
874048
378825
40789
787960
237790
108857
104297
690543
868573
688629
795093
827335
208839
150090
59064
347741
254953
434874
158620
659051
100829
859480
712162
441928
3248
671544
411747
330943
743292
359666
999996
732157
200109
619751
622209
411284
80273
556052
388208
71674
211039
741586
819513
826454
122106
510011
400027
537571
976307
630583
870947
934049
327395
441167
904040
924937
955661
667693
681496
220792
508156
244820
282168
702545
37509
368313
757270
765655
413814
144765
874005
223366
832115
211595
720391
969427
158770
793336
223131
793719
574492
294520
765373
569958
87312
413627
641076
455700
139877
650929
314844
624898
539888
611459
292084
106114
724638
785515
684191
734929
249970
433374
93753
129369
194306
26943
130276
745266
116056
939427
530628
483098
37688
182092
973723
870689
30152
118696
941452
299289
271997
602978
770228
419519
218364
227520
274431
526947
336295
153874
936127
252948
777740
804963
221396
355455
853681
14173
273578
686330
710566
229721
710697
404956
476036
289508
455326
555329
606326
109472
3083
731809
697523
3977
579127
452502
444431
451146
673178
796420
590309
850207
754364
827730
390915
989569
859566
135626
773436
629757
587139
269499
606293
9674
251352
924053
252909
45023
351105
754476
291735
210059
188889
54108
277539
464708
891980
262828
30391
722643
680089
329486
85175
105933
949082
305718
761835
452390
273848
715067
635852
632155
156853
757924
883144
401802
578827
311951
556909
768523
949351
283389
214417
807438
510940
312466
400517
914916
721115
948548
577165
614854
890207
369355
762061
119294
858430
243834
38315
148252
229243
860764
856901
645040
57377
709399
916443
811002
572868
228965
852863
405211
862603
858460
470385
420568
797672
1148
542342
863311
15660
378425
889571
847595
671280
274667
992273
129569
114123
400338
633705
784688
530439
33584
758976
46292
530109
798075
448472
27693
811005
635357
431575
864133
662178
681252
817501
783550
759073
694486
320867
949481
458839
312636
303299
153929
863266
69269
559084
676614
397514
736159
567135
103294
732807
25064
532405
336191
578769
200839
910585
560793
305488
566622
942522
435959
416917
882647
227340
664713
788174
554365
508342
81119
617422
795036
207218
643239
327738
882223
766871
781122
471665
44452
549434
368287
98856
453343
616895
952805
66770
15518
939996
530070
455232
536874
664826
513691
11591
898896
830639
926465
530198
104238
835817
284063
379047
339317
624350
545836
217672
135192
405326
633894
665500
664358
414840
289971
46588
777629
699345
315226
793489
442205
546022
148493
312474
297079
833454
298286
605426
52185
671413
869314
194339
932999
409389
117346
462151
157385
833957
244990
667496
735042
897230
201397
801451
608293
684742
634888
115354
507226
13547
603236
390620
662273
667235
960847
942131
347608
480257
358693
4466
281147
953702
177332
485836
875859
884257
624477
771372
897597
924562
723380
294408
212027
487285
889713
229005
783335
281108
306440
882645
553327
78348
359735
863893
369728
835734
926791
396591
624699
974943
879295
625407
329435
301988
945731
212307
972477
318794
891914
800871
842518
543360
965778
657414
868722
506759
781215
745615
943489
125335
665884
270426
318001
794012
398010
608795
14135
955142
634673
639831
25231
104134
227327
157368
842502
924278
671503
448036
451542
624879
116414
265495
557893
965535
70115
119396
261099
297284
996226
391378
492389
995829
154806
538503
380249
120714
410061
445751
7621
732196
208884
313925
347319
340996
957126
780513
821251
104147
202818
319050
405779
41795
4732
866406
315582
401785
681851
423087
769948
469934
289949
99778
789949
925656
265067
31451
305611
365305
657790
928521
678241
645828
957759
467205
263707
553570
800282
653948
921422
666534
597371
80152
804697
257791
844636
315322
550906
6284
526018
692950
164539
925696
902964
969974
178286
890538
11602
653737
899625
167790
54305
589027
350827
68794
892064
481092
570769
247798
687007
70466
155965
343213
750368
74622
178102
464884
955869
649813
528619
696182
380377
800058
4102
355395
398441
63958
576101
183758
660688
995018
362918
162434
863555
537047
218187
376813
928475
943259
811807
665307
493776
930680
713293
857125
98322
451244
723626
186091
582092
741508
225515
716537
157942
666701
324510
618065
693749
736889
914160
644908
652400
530292
221136
93823
691942
80714
206706
567958
385403
615368
680076
978747
724803
1200
506502
745286
195721
608720
607035
69738
36043
370436
655866
287984
547996
974894
612200
482895
585135
707320
724144
152063
493838
863613
404504
367312
701903
227000
304567
623183
987314
624932
815730
828247
293667
977100
304321
433675
766067
703914
467149
306016
827767
145386
571202
597248
439960
815580
220837
581146
16893
831058
745578
679392
78907
441431
958844
995106
710140
212690
708803
4536
435222
930657
37020
403443
480313
94912
509344
692529
794375
143015
847169
403771
934932
773577
301152
372983
976098
620636
899321
311035
401100
180033
153206
968086
900427
946102
800606
978650
335709
836616
645664
673002
548615
851741
545728
525197
620652
628056
347204
273744
473811
196101
551936
415012
972751
671750
590525
64236
463214
60421
199927
371159
462760
765344
566635
657768
785263
468503
548430
961734
394446
245514
932933
837365
743582
840686
250085
592680
890191
506034
534848
90197
769427
453756
474810
253029
827413
940309
484918
843999
418731
552259
48042
411089
474034
828423
945810
399059
124944
459577
616078
966236
670041
68768
689008
899214
14746
821488
519037
279664
971858
716638
361213
641270
818066
817725
780919
224301
526734
110640
24324
708534
284491
444907
545422
824856
31046
980990
537260
589557
648127
201138
340347
756369
208535
133649
45053
172718
614807
788734
133411
707279
761163
847348
962119
649032
481029
993291
26854
552884
660287
256212
455305
760196
949739
577002
625919
595091
247857
366536
680014
531085
385060
372556
626128
312998
572091
72065
897476
697124
783094
395184
509160
457835
838702
496360
924119
140854
492679
280104
407655
886840
941759
283520
429243
157625
959891
864581
441480
558542
578141
87994
286236
147708
287380
512638
45297
763235
140624
91216
151586
666385
695683
767881
891599
284483
950074
698662
957657
501311
134878
716761
633380
262202
644993
811960
718144
37576
718185
693094
880402
967170
314838
665684
293112
89782
426007
444105
551234
49409
129291
259553
831881
55935
782590
775213
847125
995406
314044
773315
378150
661351
991642
940798
357585
706584
772360
444676
773080
689869
806043
938112
632648
782603
419202
950539
612692
964102
134198
430332
266422
426238
798126
497498
562686
901812
454426
288339
719843
23403
700507
998005
772319
770420
541376
447182
83978
992158
524913
355387
416893
585031
470767
388635
687478
999604
981714
297682
774725
589725
537850
527380
303563
504754
795910
102105
101776
918129
286738
525433
446061
340187
21626
860758
546770
737511
818386
714227
425724
953720
170058
180395
101127
972793
25377
13797
799979
744305
830734
142838
267636
992756
993832
954271
312671
123266
211404
524078
663093
187592
135652
322278
43224
796800
788278
567824
808786
71575
815386
291363
237738
948628
781369
270206
454209
589338
596951
117686
564079
5475
667975
105987
411568
790826
760819
43023
571219
335284
155259
928981
941302
569745
810034
333379
504616
565654
175086
604099
628876
572001
215110
674987
238231
162924
618212
748732
637333
742173
254510
977417
217652
775315
349560
687313
265040
452032
433791
39113
274466
74274
221841
343342
389880
572562
782578
484726
933485
99903
534674
749395
683027
121595
311859
621733
96950
242199
84804
42950
262871
379752
549219
839150
58834
539156
989169
575106
169643
560081
148921
260895
421622
686096
850088
864966
33977
71354
332757
49374
820514
700224
163163
778742
597483
354250
230204
546737
274081
411343
863844
538887
111119
316994
565470
129610
359010
340748
103490
701489
811521
846557
587041
26647
842082
563095
2339
991619
863426
396369
97455
712557
107702
341713
609222
3141
878549
580971
69395
390308
810196
477441
152657
426717
233277
887666
321954
67100
250801
312593
348577
328993
334743
