1000
209
2623
3815
5527
5779
6292
7075
7471
7764
8620
8627
8911
10445
10593
11495
12231
12828
13908
13947
14776
18767
20846
22928
23628
26944
28363
28940
29186
29372
31676
32059
32464
33522
33570
33587
34806
35597
37831
37935
38359
39092
40217
42134
43590
43810
44428
46080
47246
47496
47782
47969
49231
50667
51158
51623
51667
51675
51777
53841
56277
56955
58920
59027
59062
59339
59707
62329
63317
63769
64548
65684
66299
67363
67876
68074
70737
71050
71352
73055
74790
75345
75864
76030
76378
77099
79176
82289
82368
82622
83534
85550
89494
90232
91215
92325
92362
94141
94448
94665
94973
95126
95873
96457
97381
99478
100647
100807
104005
104453
104878
104947
105984
108483
109527
109732
113466
114610
114734
116936
118855
124053
124730
127240
127963
128442
130059
132339
133305
134097
134769
135567
138685
139628
142218
144857
145032
145138
145810
146273
146531
147256
150158
150653
150890
151379
153729
153893
154353
155616
155674
155832
158200
158963
159782
160238
160634
161191
162477
163013
163500
165257
170103
170123
171354
172688
173305
177362
177758
177761
178389
178482
179169
179852
181554
184613
189240
191171
191680
192384
194225
194239
194585
194656
196365
197575
198005
198726
199840
199934
200128
201626
202592
204113
204856
205471
208885
211613
212028
212816
213852
214035
214187
215831
216046
216489
217561
217678
219189
220047
220926
221476
222466
227375
227809
228509
229052
229187
230085
231339
231346
231910
232298
233784
234169
234238
234989
236070
237483
238613
241176
242304
243875
244688
245174
245645
246111
248733
249619
252386
252791
252886
255306
255633
255684
255798
256581
257204
257366
257726
257765
259450
260521
262616
264521
265115
265633
266023
266045
268538
269998
270192
270477
270709
271723
271942
272234
272443
273832
275328
275904
276175
276348
278136
278335
278787
279639
280512
280823
282154
283206
283336
284120
285061
286443
286948
287643
287959
289166
290170
291453
292600
293798
294083
295595
298976
300027
302059
303388
305343
306270
306434
308039
308162
308270
309553
311021
311167
312111
314536
314812
315082
317099
317419
318466
318569
319137
321670
322371
324611
325562
326702
326721
327055
327123
328613
328753
329870
332206
333409
333908
335301
336201
336896
337524
338058
338075
338333
338682
339283
340252
341508
347765
348266
348799
349616
349894
351330
354661
354689
355408
355962
360233
360505
361013
361450
361619
362161
363492
366235
366631
368976
369387
369583
370352
371148
371258
371450
372145
375080
375205
375773
377405
378166
379846
380321
380478
380533
381269
381897
382729
383457
384315
384610
385109
387869
388619
389068
389332
390066
390977
392931
396329
396994
397196
397502
397846
398024
398356
399917
400090
403869
404628
404928
405621
406197
406298
407215
408636
409517
410581
412534
412578
412990
413382
414757
415246
416846
417012
417996
419831
420190
422166
422875
422917
423500
423559
424040
424567
426448
428179
428204
428424
428962
429060
429317
429818
430085
433920
434154
434291
435596
440652
440971
441211
441230
442087
444025
445181
447237
447375
448594
448872
449825
450298
451513
452586
453730
454280
456200
458578
460538
461378
463625
467018
467293
467402
467688
468802
469514
470066
472031
472763
474303
477420
477640
478383
478797
479305
482029
482297
482472
482652
483007
484973
485383
485446
488314
489198
489216
491030
491951
496544
496716
498019
501461
502803
502876
503969
505031
505963
506560
507465
507930
508752
508762
509525
509893
513558
513690
514327
516366
516984
518902
518913
520121
520565
521188
521975
522809
523197
525366
526146
527745
528133
529918
530014
532430
533222
534134
534311
534565
537147
537253
538001
538239
538429
539567
540454
541092
541572
541623
542019
542730
543430
545239
546118
547255
547887
548060
549505
550989
551152
552455
553227
553516
556708
556864
557922
558132
560630
564446
564659
565135
567174
568338
569073
570561
570820
571591
572249
574007
574423
575013
575641
576789
577094
577103
577199
579228
579298
580296
581607
582175
583380
584857
585698
586083
586910
587148
587419
590359
591944
592243
593897
593980
594824
595946
599458
599786
603582
603591
604895
605974
606263
607517
607789
608920
610160
612579
615304
615490
615957
618806
619432
620832
620991
621023
621368
622424
623205
623623
623918
625157
625798
626225
627069
627220
627632
627746
631288
631501
631962
632058
632176
633153
634830
634888
635350
635923
635977
636555
636770
636792
637418
637615
638271
642964
643179
643811
644878
645364
647684
650579
651128
652509
654573
656864
656895
657641
658973
659030
659627
662859
663062
663344
663404
665002
665570
667324
667994
668957
669410
671188
672092
672761
673124
673200
673684
673856
674069
674654
675615
675915
676499
676843
679198
680086
683942
685701
686145
687667
689179
689579
691333
691717
692463
692858
693099
693610
693803
696369
697306
698085
698783
701726
701843
702345
706378
706581
708538
708865
709885
710082
710741
712923
714148
714682
715192
716205
717309
718480
719824
721810
723819
725229
729054
731736
734161
734312
734938
735974
738640
740267
741238
742880
744004
744609
747480
747615
747770
748244
749175
749246
751055
752142
752358
753596
753666
754584
757004
757904
761071
761522
761574
762202
763026
763690
764161
765400
766226
767959
769014
772671
772882
773076
774743
775109
775142
777217
778924
779558
779965
780469
781094
781548
781846
781905
781943
782095
782136
782428
783681
785919
786291
787602
789348
790722
791306
791762
793491
794688
795030
795970
797193
797566
798941
799680
799700
800344
802371
805846
807388
811418
814754
814867
815808
816309
817406
818530
818895
819883
822135
824251
825536
826819
826951
827842
827927
828342
830251
830628
831078
833199
833581
833677
833998
834788
835077
835297
837077
837502
839260
839597
840756
840862
842350
843792
844440
845114
845398
846187
846536
846550
847298
850019
851480
851794
852578
853915
855533
856814
859423
860418
863580
864957
866106
866310
867521
870326
870690
874028
875552
875730
876659
877824
879579
880746
881828
882578
883740
886261
887278
887387
887863
888069
889547
890374
890838
891763
892695
892917
893738
894477
894664
895769
897363
897485
898625
898758
899689
900465
901644
903053
904384
904553
905242
906560
907094
908747
909365
910405
910588
911669
913084
913174
916214
916942
918500
918703
920913
921752
921931
922194
922860
924463
924896
927561
927797
928369
930395
931789
932588
934357
934440
934954
935057
935822
938364
939655
939680
939988
942228
942826
945038
945625
947476
947872
948388
949561
949776
950048
950566
952184
954320
954368
954886
955002
955154
955552
958775
959395
959898
961019
961502
962525
962983
963973
965050
965180
966394
966418
967330
967664
968476
968605
969330
969876
971533
974817
974828
976125
977519
977913
977974
979224
979250
979844
980813
983301
983613
984598
984857
987858
991444
991830
992104
992219
992891
993459
993495
993979
995013
995071
996202
997071
998351
998478
998550
999402
999582
