10000
703304
612912
819300
731809
838810
189304
695881
631443
738739
262764
720732
720498
894435
309772
59317
92173
376135
634969
891424
327387
89519
576514
566400
536013
999395
226376
773436
334211
592362
832419
898896
607106
387235
636437
910661
754364
142142
765002
52108
338734
364091
963485
789515
890848
804478
792164
202818
813131
600347
753004
924562
456299
841674
114044
559425
105448
844636
763839
542155
912176
968086
677987
860702
490703
205599
44609
898059
142931
270746
493153
285618
980273
390467
479527
748781
418216
234298
561032
118357
660688
219948
84712
833254
26647
50817
771839
836833
816296
310930
232701
338381
40151
458611
811054
245302
778279
21250
486799
32543
688240
919282
781918
519552
745775
55032
687884
355730
701799
747977
372983
745700
474237
349503
402724
930972
465410
281274
769972
519195
66521
779071
884930
920949
886808
710629
160716
980377
990486
877196
200574
531085
599636
78238
263839
995743
284063
987122
525593
8557
948721
923232
78907
489242
946233
966016
303563
601699
575538
558079
368313
863266
876349
616408
259553
414529
538986
955500
4710
351649
736154
956080
428072
840613
390782
19076
370612
748278
152025
284483
917149
776713
207999
371129
716663
741095
267636
593999
246647
897177
993577
980253
263237
511215
503675
893649
45922
976408
143806
352170
337602
703148
71674
795865
457145
291949
448172
278219
40336
176573
522760
93353
913712
300031
252566
512012
858748
555561
289971
370493
324091
103076
992212
655604
75618
703086
212952
535269
14639
816370
941760
625173
180203
1148
502590
845595
750404
49483
940672
919620
414950
724956
722831
272598
98322
148377
89607
990971
351079
757760
757873
579546
371345
843288
934685
55726
356857
417875
207754
286153
850719
815632
71010
4600
513013
509148
166286
970399
126776
268777
210005
343596
684037
92471
414840
129145
857068
492477
344931
210059
672044
289508
444101
379967
862591
852258
353538
275224
742173
109032
941610
82318
334644
275871
357044
566893
117489
14232
983873
133698
595079
576771
270426
573734
987920
788908
669861
672563
886363
546737
831881
582367
871286
921998
766265
438249
442377
557412
884724
734866
928521
926303
287805
21599
352960
274743
238244
447069
491128
656113
506902
989056
634921
582381
181955
836521
290866
140676
85281
638502
912575
534706
850965
291574
279322
853578
702522
362985
812282
630484
621026
833492
686000
567035
449459
813695
382603
821222
835578
535930
309026
536401
997539
174969
411484
665884
519037
910027
238117
36428
245736
515301
964202
611003
487551
20411
862257
14161
458320
602258
515802
921205
305718
165683
476127
397514
901235
108857
725773
392352
156982
956584
925291
991975
18806
527999
389056
199027
37509
67100
233488
376760
595112
188009
241728
954980
666457
210903
549953
14023
14135
728978
632349
890013
899206
628500
533811
223815
754429
6125
419061
354867
250474
684514
367886
509501
678819
205573
635223
406832
715423
711591
561356
173062
439921
310146
836616
864191
193024
856901
180659
786161
285865
924681
514775
838427
480006
994216
793149
764600
313694
440480
578516
578509
635434
501898
751832
568974
130921
608586
533555
464254
121956
618065
153874
59333
243002
321191
157368
669879
588705
547969
367411
543364
403926
378987
531110
780385
578141
767065
104297
645113
55117
199116
11484
661650
209549
153460
752761
461997
95546
578454
831558
462760
803529
39113
749583
386812
651494
833454
777281
502719
642241
761163
838660
800781
235643
548643
569456
860611
922622
461717
736701
470095
576829
89782
697755
962119
561546
754747
146521
454209
248751
707711
925077
618588
452649
548280
604737
820871
834699
98033
958184
641531
819731
791362
281954
506789
4545
724237
714211
916533
249472
784972
482649
292084
954837
348642
593889
163756
31528
498890
517587
567169
936127
989160
400992
567818
411284
508975
624350
902196
227340
934845
398286
522640
758393
827335
333256
490130
44103
807080
830734
793178
52872
96959
314865
446440
419741
41090
612586
102105
623967
787535
618000
378494
516795
380978
221209
292208
819282
633795
660317
480616
68321
170350
889032
193601
524439
477577
383980
196126
301315
738758
160092
12455
806043
885146
589952
954271
504127
725921
182062
631450
683987
629929
307834
99781
189716
91167
405984
788620
895548
506034
781945
600315
270206
622209
767580
445203
652683
620302
426734
732157
24086
816228
63258
954345
947355
966582
426238
953833
664713
541085
130452
826535
986813
520821
228851
198222
745615
312318
697585
770781
954772
556219
883780
867592
741262
200578
653737
513125
827958
223096
403632
622970
546984
338773
43819
255169
912790
843999
309061
801981
893443
457735
276616
789187
140645
118717
117010
809567
330934
458466
480525
869170
225812
396073
106095
71948
549269
17791
277055
580971
972984
420817
419207
118932
170392
516395
221910
158770
196819
914952
93303
99798
501163
307852
210349
719843
105822
931170
493296
908254
229500
61725
651535
240493
118696
682971
386057
585483
529769
145531
772634
591986
684396
836366
680014
647501
714794
698738
379443
552890
625349
280837
576709
574492
955945
924053
969117
606556
223131
635357
714184
355228
889623
202397
640483
489543
537047
680065
342306
723470
1577
633697
353602
259141
248058
785862
428623
712462
855543
620024
696605
243587
703081
585277
128932
235144
39105
535787
444816
169315
668419
513652
102040
304781
826623
871351
707463
190292
601487
19066
333887
926721
567396
689525
388837
341377
457984
229721
101825
603176
683759
634807
528035
840886
139667
512419
380059
453343
738037
828655
143608
226225
93249
6676
671280
97645
42734
821141
589231
896946
740824
86353
344927
854734
595360
914295
838020
527380
38481
218630
205956
701247
846890
887192
914585
771520
931960
232877
173105
722643
175988
34812
304025
320809
841964
338532
273578
228425
564077
86354
314368
819523
15176
192015
604340
597689
526538
234523
704884
616895
542363
645828
26211
388138
397823
504087
697523
343634
353991
907067
858018
552830
91600
888878
343813
783913
197363
3083
480710
139334
727244
442972
583454
413411
743065
882194
101440
876362
848301
611459
834025
116415
818334
846908
188308
997379
644347
465029
131087
957544
273295
871100
580826
208120
814834
977417
546820
612379
799979
639320
710302
953923
35005
302160
45171
414676
202514
453277
367395
378574
811960
118275
438999
722942
932933
773542
88662
371159
446216
825215
321954
961947
328908
523661
388635
55683
939420
6284
787211
105893
74705
808318
959192
660460
52571
248029
786143
844607
291877
14500
347311
402173
483295
50990
545820
189627
626225
748138
940244
246955
354753
563728
811002
67103
530439
697976
392236
819330
768523
370302
944812
262581
233432
182438
693165
884035
609337
812140
103220
71575
568296
390216
940133
304374
900074
356161
201889
619454
956868
288779
810548
906701
329288
368754
717566
597899
580936
775020
282168
512302
424433
857631
821488
779434
860009
992756
394620
681851
667177
431575
624452
995829
885072
528386
39427
616360
706290
755060
934693
365305
601120
19313
774313
99142
467205
393324
477033
192736
579167
548561
362521
933553
677347
117324
796521
199529
252909
186793
589176
307307
90890
381656
951952
973723
477023
456830
642611
819695
202481
515831
217652
450122
654338
564008
864581
565865
450839
806035
978747
409653
702672
362328
359571
407446
521084
261806
144251
665500
635020
747224
968386
570494
844419
433850
424214
155149
961652
268335
332257
494492
709330
498390
234522
646745
138083
941759
3802
212702
767461
918965
577765
200527
110195
951890
870343
824468
318001
905762
28331
979673
822859
414627
448503
796420
556324
258097
100058
328512
640852
668535
475628
589458
402055
880603
524109
674145
567544
386314
290949
278077
757086
287179
72259
28698
773462
149778
219307
526947
589196
688345
359666
575861
89537
260754
275694
585470
94726
133736
988022
126894
91694
434625
458136
531493
303651
122315
383270
241599
518890
206802
319287
834453
613368
783094
11591
298260
546770
440919
580601
468627
242038
440036
284471
469934
684778
838802
314948
801853
963522
809245
618212
903751
149973
82537
945514
168028
745266
145297
680089
725046
67899
416302
34
538489
464969
135470
911460
477542
335362
626981
321288
389502
30034
470289
275770
523700
568133
848865
305576
724313
156629
386227
665260
992586
303347
313795
95618
245108
237104
821924
762946
323972
815391
723582
413659
898272
172718
765763
384310
333544
692136
748846
967813
592680
160664
499635
206984
68830
751069
798959
67631
259620
349560
700075
952916
508621
728152
354250
933513
303286
610385
203538
377195
70663
245234
901341
106672
210673
476739
753913
328057
288337
534848
890160
895773
948767
846389
728237
383237
119396
215110
502045
699345
383733
815961
388635
407049
776173
212434
131924
871470
603213
332300
390620
678241
308917
865488
133000
490212
423087
564599
110412
81490
568176
42292
370393
176160
145934
652492
900427
693178
456069
807647
201594
306437
255681
38651
35142
518133
202313
182938
356807
592055
652339
27043
736190
150994
131960
796800
808801
906189
782903
462425
411381
704951
443947
66029
947305
547010
333009
716537
130649
997780
485014
954979
757761
956514
131233
263970
812389
64000
716402
817544
502983
82323
598928
936729
16114
983481
616992
777740
550906
618320
869280
470703
456788
377539
81997
211522
672628
363866
913032
61338
594460
59394
916007
17386
836345
857093
702583
517533
345511
856418
576640
757086
435071
590309
805165
40789
65736
362488
848248
593221
187274
296642
848938
144054
653471
440040
924455
10507
144514
467210
947008
224718
393772
326914
566893
350905
531085
569958
667235
58834
6664
282175
94912
373210
275610
646610
309564
833158
172872
369135
873333
678787
371447
866997
903011
4084
554855
176303
414973
902960
188528
712539
915258
234478
753517
775679
953808
121088
300846
859411
621431
917841
287087
441332
725099
875859
4466
734536
857214
887131
469464
473848
87003
131855
614042
811794
69308
955661
965761
957759
104059
565465
5591
312593
889713
802305
706118
143524
698014
601928
437707
922258
570342
190613
910494
695683
488792
725055
161939
846180
357246
666468
760819
298443
635140
844829
778957
780919
619172
501886
781848
657563
708345
197563
185584
241027
375857
635161
542791
943591
486951
148973
643487
948134
987072
530502
745731
81929
594072
580301
545836
917218
580265
45643
931947
447139
868154
125335
51119
409210
962651
283377
759991
4016
236827
846486
997246
857685
274535
889241
707567
133299
266210
923761
860764
964613
843267
525487
841205
196783
464794
12395
606326
22263
18202
217672
863356
975256
462999
462170
245823
780656
767582
748217
680865
110324
219786
104179
802297
663292
344119
723626
748446
262202
681302
71141
718596
419671
546363
846323
243710
476065
454080
346191
162674
430102
788764
993105
490913
881031
472258
464045
36992
148921
603236
236800
694681
601215
879536
694256
754511
479870
435754
635822
407885
948009
529714
60467
695155
485429
740476
702468
718655
16893
670501
284870
833805
159209
451146
792682
909088
99079
708494
105326
296319
984745
357655
89590
721088
533024
182092
52271
329388
261099
392701
36711
249970
390325
398441
660050
901812
308424
528887
976094
358107
546094
45641
986341
693566
517027
427217
389750
133311
622040
286990
925705
921008
877759
780895
311581
548615
228164
676320
700652
463159
942562
530109
626128
316330
761131
678820
883376
669488
887427
284317
897620
427229
500954
421157
98125
842604
300261
934032
27070
637980
430373
103599
705205
122106
209525
396041
608590
116414
930946
773909
273099
72045
566207
621204
55935
705420
402242
830639
981917
956308
514582
783234
727512
868722
849364
344739
228965
742762
820409
170752
423205
604109
319789
398805
598675
528362
377411
801451
624699
927286
788050
493501
651204
682079
931516
578827
877943
119637
306110
294408
188269
30362
699430
919209
596108
265959
458881
328764
540447
858460
469153
103413
89687
625919
663254
828423
170649
291335
767095
533692
919799
736525
577125
959174
303396
39681
204930
480571
528401
204162
252770
576247
909357
394856
396065
674290
585569
951027
859669
87598
892309
628876
712857
387733
545145
886115
997004
918626
263484
858474
869899
161776
732682
894744
954504
223701
542958
170066
715782
569745
11602
617523
41098
749867
343952
32940
784309
249251
805756
766965
696947
109958
64027
682010
361213
235529
864133
474037
567559
994270
778742
750099
619763
310134
70867
650731
928497
181195
16910
666401
831816
235805
84804
661351
220172
828317
232758
576011
693727
740268
426717
409559
966462
802341
507434
624164
794806
808315
197472
707320
91305
520843
460531
958686
897597
110570
31958
949082
33054
177169
971929
1685
456476
503596
240863
906802
329264
355086
725306
46588
559084
824587
8250
824120
889196
824275
294737
651934
285683
968015
21441
444890
640333
172850
553508
879621
569929
431498
35057
43907
905916
852863
252948
609222
644993
89192
908489
953467
920449
232081
920879
955999
577795
976307
612393
553570
593558
611175
374049
934529
699617
880907
466814
355993
235298
205948
882647
456642
264716
34645
849966
636201
725446
317446
425184
863656
84435
307127
621373
299306
221841
356441
362557
599533
724269
60328
211690
646939
268820
431071
492389
850046
455707
28192
19673
367312
97898
937310
27900
611427
379346
99707
957091
384115
16690
603879
694304
193056
655125
896348
390415
30152
844382
659051
789793
299378
167294
58051
161632
165616
413209
856309
129102
64793
52535
377218
996366
584398
91216
449319
184603
49307
752502
410370
395168
25110
77738
939577
571668
932243
565540
9374
629794
109810
868814
18147
949406
325611
856295
272160
938034
701489
179478
341204
183968
105907
213204
409002
621733
405211
200179
394322
615368
328797
353931
816682
813759
193962
977100
243540
363014
54754
607518
983796
170484
194306
460339
105524
449678
601665
361659
757001
720007
162457
536497
683709
321454
891980
331188
405262
129743
485239
560081
812399
630112
765772
846948
555329
270239
666071
499667
176648
887666
448036
246306
628794
79904
318686
675651
745402
579846
840388
26329
74904
949602
857393
223514
454426
581843
220830
666362
189733
765999
939996
805562
664330
844810
777629
659310
486430
801060
283807
250085
174739
892933
77978
747014
671417
860004
686351
656987
21230
767925
827343
857946
808530
389880
599452
18497
776133
447254
834714
73018
204225
89600
502564
513508
400338
693348
386062
660534
80063
175414
542523
591565
289765
267453
957643
58904
104611
622905
568168
650929
989169
242269
928743
720391
257022
12106
65357
331777
895166
397723
471156
621128
86148
933485
624925
183346
918129
340347
458910
130968
3248
675015
370436
71354
694914
208329
256639
312636
397159
354010
117991
227446
954074
83028
340064
732472
301569
252160
536670
765128
534338
708534
920557
319337
225028
45053
53413
192868
504688
341671
548703
448328
753128
515006
956257
940494
213479
139008
252583
628627
122860
287518
988718
706209
397953
524970
914593
236598
361651
18712
278881
421106
150686
636641
615721
538503
291151
213002
396591
821884
126593
898968
609177
570361
243280
653807
532405
966818
402915
838702
884257
813717
942040
943904
552414
938399
625641
661090
232766
319403
387595
182611
372372
275651
115354
453902
127376
624793
554824
11026
390700
671379
618661
376061
571530
809419
242477
764538
989203
756881
120183
495893
311442
646443
592648
726459
984029
258573
66670
571602
525088
763524
944305
737278
144648
120790
320867
280814
592787
536874
187708
509442
231006
436791
73926
853667
335372
12781
271758
11366
985297
317256
778202
698316
889953
160207
334968
504044
402606
447575
345474
482292
783804
678060
528152
960190
942029
828934
202390
906032
405094
710697
6582
201138
58438
989575
684399
578944
297987
670396
276102
117998
124072
614681
196035
720743
484721
302938
845284
646204
653616
807682
450368
617460
783914
500770
227777
511939
71895
982910
375638
455683
137046
351105
763083
60663
475964
64001
2131
996173
614853
564268
70319
473843
827767
375266
227355
517284
324137
474919
701324
262871
307512
495394
460013
382171
499668
161119
427941
278862
376802
58676
411089
955142
994248
387379
301201
464884
237413
952697
677831
665874
75716
992034
149952
939252
7166
142838
96272
221079
613883
144280
966112
609310
968183
253052
559390
10292
244990
157441
769021
405099
57631
329026
289006
117686
999923
314044
794375
371566
240213
288427
198941
863555
336448
304042
666605
693665
569430
671709
993072
755810
235514
362340
843778
738449
82286
235874
256452
85682
553645
94758
171582
89064
171542
798043
482835
841674
328687
284349
210762
455195
659093
300695
100439
524640
758976
819584
327738
428516
688350
104134
48851
150628
811479
280224
808340
383007
267155
292502
709992
983584
605074
939041
531609
233406
567824
77790
792260
254250
499229
985630
701000
715986
686545
503899
198395
68476
543071
364166
630282
264603
357511
150021
510011
483879
786114
61538
359909
548430
739917
518917
82814
294918
50066
28171
919180
92547
589666
652417
690730
892617
377574
403925
921129
742868
663432
647976
25231
743254
518122
527023
342075
38116
97317
842082
941990
631243
415247
776494
621342
658632
730882
353045
893679
786922
467617
448194
35893
764562
685670
50363
139274
505091
297660
618995
587926
155965
237738
542499
852788
218552
253501
982527
623589
44186
214091
910585
842033
272167
560786
185257
255537
116630
303074
603295
774725
712557
744267
604001
33963
602303
987584
826128
553327
980319
491699
337893
348105
442751
410974
115340
239312
467813
596809
22503
365063
838571
739492
617698
677206
414991
824811
69573
702803
697584
850378
518416
684473
873032
631291
651865
400517
274993
102385
106157
655183
630016
633894
783239
441261
906797
648055
706037
465968
56324
909364
565252
148199
293049
972198
542342
760398
528681
387072
927208
815386
345224
635839
411127
925468
303435
442401
116257
468104
470070
769948
458644
836335
922808
126916
845065
212027
422760
74410
769553
797087
319895
689506
615112
211337
679415
743665
383239
831745
980772
686752
131134
589208
384340
809454
536877
334743
303298
382219
995106
395673
584902
305611
640328
979773
353178
674878
900726
437727
775685
650081
991880
882223
735153
659945
664341
352613
313289
196101
579410
165990
186366
409240
365979
948548
73570
493776
823617
172438
912534
218187
561353
649779
194339
599224
381789
703852
455745
429840
712836
571057
803365
333379
262828
768115
338172
588779
519074
507707
835375
949552
921745
62228
221675
512193
315975
41795
551496
709896
316449
38315
657414
957657
344024
286528
411526
748129
14816
617090
571661
149870
955736
546346
526691
441184
856686
690741
642602
348577
308120
518563
86176
368084
966236
9018
745664
711399
892933
592624
588687
274466
115907
927336
95268
444074
216020
503831
691378
162616
62588
147434
745392
778777
994123
205607
133479
943652
346846
507805
37688
986115
880402
656833
201397
878869
443951
972977
465291
344668
131869
667693
478188
890191
97227
259789
891105
67716
478209
139983
543954
169684
309093
576933
534082
700149
171165
227327
652969
697517
359099
276243
589374
173758
592611
69933
453485
49713
789984
328898
987178
592662
229676
141345
195432
103030
466027
214661
345516
634888
632487
296347
59356
117346
323019
371721
387866
751651
991328
415328
743292
920408
132462
505802
173345
514831
730299
219425
238938
12805
915467
800058
411812
287373
942910
899625
129569
20739
585078
241987
780930
857372
902872
676070
988532
101021
244993
973522
820514
578769
676181
599636
836897
933664
532331
497733
155746
431053
152083
764614
400576
170777
688292
804991
408524
950074
744623
551234
518212
702374
100110
384144
404481
220461
320986
869250
383450
511264
886379
904810
217941
793489
46162
863759
942037
922494
146575
735425
946517
348346
208639
652232
67809
172733
314844
925429
78976
563355
719816
773997
140769
534845
385049
627873
207031
837742
301838
192041
180138
845562
544082
709411
255569
270171
547230
615060
4584
412580
156757
447806
255745
755776
584584
315594
526949
681066
972934
206286
464976
959891
521272
311035
47932
144968
639506
173398
102258
383649
578519
372116
412992
613543
5335
581484
388795
170266
369984
124962
715348
62708
266899
178286
906379
986559
941622
36043
968999
958038
453985
515541
825992
133616
417802
444676
501005
440687
767881
809917
954650
38134
448037
439960
983766
847835
117970
686051
384758
411343
665307
809887
965248
779603
853091
606135
291005
298311
197390
76020
940309
604466
470506
568292
380377
662341
693407
552716
430332
145008
569832
301067
451411
69383
530070
64479
285233
870070
639082
340996
577333
48683
304595
66609
694486
740987
414972
13326
105933
668725
347741
950112
785515
158815
624879
384588
852281
141233
771283
938112
701330
220792
541651
358820
379671
643239
806578
776798
558076
445664
509649
315957
329266
975718
823612
552398
401442
393202
245514
923888
386288
694034
697761
633567
439843
148003
849399
283389
984732
914521
274705
932057
635176
439963
29493
250081
284461
743582
416917
50862
250963
433495
934923
552259
320851
2552
821948
784791
889282
477871
300199
81645
485842
104473
536832
995034
524078
129610
420902
564079
135994
11319
145795
166689
248046
130867
494370
486714
87095
946053
181986
434949
241990
630791
285690
186536
328303
917932
164512
370003
231914
337474
195856
240563
279297
961156
974512
441480
121722
247286
205126
309415
441221
690654
555520
220163
315167
243554
724928
446061
885162
634160
528192
109958
186705
731457
529209
992687
720879
192300
708491
100238
980695
192557
299414
966338
55904
722580
708235
527164
805108
720618
59150
967829
928964
388414
310871
103254
258916
689869
467149
484815
428353
259964
123667
661829
456156
121550
734929
107276
691942
506502
751827
486755
515656
890207
253045
4756
246780
209832
34710
335417
254912
878136
668441
572643
955869
453003
465653
21626
807964
991617
483882
705351
916678
331811
86497
696916
421218
616890
506650
844895
471690
657681
405779
557984
885643
397550
377234
235048
638798
899646
817500
661462
202176
667371
477444
909549
781215
546772
349446
307759
344110
583377
619255
93951
534022
785937
735983
890188
684742
615357
107702
586740
574990
614144
629493
827759
592635
150354
445252
837513
467670
383450
200051
888919
545728
138686
572091
22915
313649
69395
943098
85175
425734
98342
624507
441563
115536
279594
391378
45833
426945
345394
415575
826514
37963
653948
701225
56882
204913
639135
578100
468503
810241
600176
425611
184055
779844
226573
436483
493366
11576
716219
793758
30376
155259
819364
41066
525433
801800
572731
640711
583736
548401
54684
312275
413006
880796
304567
837954
876676
588858
953702
337495
819165
69269
829304
500331
828237
761293
991619
879800
153112
962311
962426
671346
362504
257812
153625
137469
221026
904040
188889
809509
521042
765373
867346
744891
251715
234383
993291
546050
663036
444162
404504
441453
641977
680281
581146
140829
568560
746140
194999
359152
456465
256066
780580
486677
836414
985461
442609
313925
197699
545252
943489
149730
978650
664242
64054
775315
484182
43224
972477
508604
930680
26215
905
810034
667975
501860
288898
358693
872899
198637
787998
723998
255370
35913
748419
377390
524848
286236
730754
878252
385779
953814
253029
598213
694375
114793
696854
230466
667496
107397
311859
349804
951531
305318
645909
560353
742230
188539
358580
591323
726241
274572
748178
858543
240692
790213
365838
943959
274510
669337
860540
896571
673283
164717
117988
336254
251537
196657
284080
607311
667049
593199
773080
914413
128567
245043
388923
233577
284751
222658
847069
671413
99885
282036
969974
284484
665244
858232
524228
143015
22484
837365
628355
843803
483508
242197
157613
634469
263044
922333
304008
316423
788385
924009
355619
459553
245985
312671
997061
240390
917031
488834
307062
233095
528826
469146
827303
252109
901465
18073
391131
706951
32107
615405
215059
607143
862930
495016
315322
928472
68642
725965
632388
938175
743000
447855
629030
473811
360813
185115
581257
483758
715067
842454
572133
221136
918828
820297
191217
365863
689319
982072
686491
245798
45787
71972
414187
986408
462954
454340
58521
447709
730652
189051
981446
607049
442205
574436
192755
493438
95514
627660
589725
570072
112155
73859
446828
872870
484726
279405
512947
714252
521000
471556
803383
105987
960231
110593
141600
213017
274081
790126
30039
808479
691536
98019
56191
648302
711263
804998
128572
15116
760723
371361
848974
741743
921422
601563
248480
275329
96648
28405
172795
208680
876550
572521
49075
731628
815781
209401
286076
219048
694895
660670
516113
712162
450440
464168
95167
470335
227151
541567
473453
133649
734840
841569
493876
637686
822000
951027
135626
788902
175584
504497
897476
547396
140854
461284
560230
754287
508230
793719
258646
747670
919486
408997
777851
765839
635183
554546
999820
453831
397051
840686
93079
713293
556393
208316
505747
270949
481258
931775
936775
302397
261257
204911
620201
49452
977874
464708
18958
628562
737302
15263
993813
267320
173337
141235
4102
204025
387667
543024
833805
837883
705474
431203
360617
582732
931582
498540
11333
679479
315226
265147
137116
210281
100747
932758
240789
536980
862115
849787
610288
496211
987014
252569
921704
265040
762332
285566
279386
710542
284456
279656
346483
810261
156750
749551
639767
649705
776026
1615
187372
410117
415407
96682
592496
566240
207489
972241
827730
529029
775530
150118
558473
43753
106114
175934
857125
264771
234784
190149
435282
625494
791754
688643
708779
280556
346203
306041
237970
114834
691693
480977
38993
380264
869194
893028
606626
164627
441314
865514
651108
502361
251352
345485
987578
589135
667433
69422
158458
359398
200709
80272
529362
471871
919328
742687
831688
191393
840777
347319
269874
947504
968381
97958
814251
976260
393457
239025
126836
685915
793212
916670
74394
501311
858430
94990
832632
140209
402746
300231
446204
869093
517971
28052
508156
150087
92550
12370
40943
45614
63361
353786
656069
939797
461017
501724
780377
718418
366435
80152
940387
130951
963580
616482
634383
549776
211404
560793
693426
64360
221396
281903
374095
307311
378035
974610
165018
585031
457800
886710
774486
392990
690516
101164
247504
401803
828881
571219
910611
504754
401428
502246
573033
963304
747369
780152
701192
933473
563466
279642
719506
204187
165027
485693
747459
169227
26211
692529
114762
803601
123266
807800
389554
245449
720166
535624
59841
588912
160171
415270
417592
31363
231079
426007
690510
665554
751676
666350
551881
639279
505815
661361
627137
450752
727556
448472
262105
689996
519514
281562
422935
931327
38882
6121
331539
376392
406759
308787
753432
191357
543912
624477
645102
211233
882703
981218
561154
432652
408233
634034
777498
748732
108942
304952
379863
587469
5595
546563
392470
438547
677103
149456
47742
599615
90007
625927
856199
976288
862402
378825
984018
901345
935361
351542
533933
870947
324279
677535
13089
79243
990740
345022
336329
996536
334021
716832
98622
281242
516247
957955
981203
932707
189451
946678
299633
152908
101474
614230
232542
898837
596389
347470
471665
996120
112166
794850
334152
524438
552149
984975
853681
435663
617389
930849
213033
483146
914160
955070
974698
789539
648239
442844
60034
451128
920567
379635
276974
632332
198051
384148
950111
355069
484553
397614
245950
220365
757924
476440
392111
474810
180476
413960
945815
294787
661676
447727
689958
449452
914600
642951
191183
157625
324395
594156
4536
80273
991642
68191
977030
967187
793609
894457
749038
671061
751471
801868
407014
673479
251536
285054
440431
540112
508871
692875
465388
821533
685874
624898
457000
201084
270695
933352
658034
442078
384976
338165
831879
295716
461049
809272
68794
48443
893946
44450
315582
618447
932289
787595
526024
224405
470017
614644
406592
789052
667746
852419
705452
608298
51170
279246
419465
786326
684191
896517
934700
128942
212100
662197
760172
737143
56840
983337
687182
636032
10884
910934
262242
676671
593803
684781
173997
193535
319914
996226
860805
304511
683027
311833
742537
49387
297358
5599
198690
105928
559240
79960
85284
793358
925395
211218
831463
402973
180185
265407
489982
620711
460339
444759
273770
624647
487533
984835
928029
591112
642347
488824
207933
402001
138485
993591
405326
204434
175320
170200
996948
158462
548137
189731
743504
259246
185286
303759
8654
817817
933774
44676
826943
612874
699
565403
785648
695775
246493
270124
873967
791138
153206
165515
53497
877206
876404
539754
451091
851665
345291
38832
464415
817501
753172
36909
26801
383973
688275
252480
520846
337626
185276
788793
789229
364602
613429
430059
413114
647607
263972
153657
454444
593423
331286
926465
51564
604325
693491
74274
830182
676838
550040
540233
857227
449459
695749
179718
877746
38725
368796
911158
74603
179161
288586
323097
450678
797945
265173
795490
530045
913066
962307
672961
345598
756661
686042
1599
994927
88265
713668
972601
991690
343833
297079
870501
4846
34099
18545
499710
499118
539923
925926
975395
524865
855799
706472
274667
614528
524391
763530
690306
731592
283981
200215
674887
940798
485836
730693
965546
447455
997595
196258
380470
465141
66877
808988
924051
171121
386078
779417
978693
521151
58065
336390
489174
713041
869282
169323
818066
988165
404924
722530
780130
729718
399152
54108
724062
461311
496436
794378
330943
312734
463214
411287
315526
99778
347755
667418
711819
206756
600210
584569
295898
382316
560424
93556
625448
907276
407655
481629
790776
944687
424808
302266
788894
809709
850087
779485
107356
686713
584577
302974
443924
882037
752679
676330
570542
178939
777985
531724
445326
882799
880706
237358
452390
464695
256692
871813
123005
806734
687614
958844
467245
864077
637235
23527
737378
224301
966
795694
787651
469894
469424
567791
338484
361060
368485
805044
519565
387590
993241
769380
864006
638600
422981
399422
631127
83009
985991
323798
62285
609219
130808
472918
821251
290776
359735
790742
573921
987038
440128
206508
261915
31894
82302
260375
622783
846896
853513
394238
429163
900435
284932
198731
621171
975494
409389
722022
810946
438841
171595
145077
663090
944094
321478
835368
492611
308143
576101
614200
433297
553204
863311
572001
11106
324510
796819
889445
667302
52185
504428
668192
364039
491737
526017
710559
487285
846717
616939
300869
33208
599635
393237
672502
603073
24916
564795
594875
14746
728206
901405
547489
823252
93211
787260
251400
832674
418822
348070
820215
981391
644398
364090
774291
398403
844870
942993
903273
934932
841831
130501
497003
844196
384708
32822
397391
999996
735688
505105
443521
745286
106688
852505
709315
271306
108266
149891
784688
724600
504873
72583
597445
408077
360860
118739
793575
549603
576106
738386
803586
850417
424682
87312
159726
599691
776658
890079
923158
367735
737084
706766
773315
431372
331201
602464
169979
384986
75010
373016
15660
664826
49554
612406
369147
111461
388470
955794
576028
472295
845514
969919
566524
134063
226538
825946
835294
948735
651095
964595
681252
282680
122761
646097
590368
533426
677395
425239
932779
330820
665415
247798
390310
456750
4614
957126
700224
479464
983005
603804
288805
99973
989569
925859
761988
798095
93823
496360
909669
577238
969129
959546
467918
58284
932765
43976
493204
458839
788078
712113
132665
641770
602210
867546
812695
213368
171480
691576
109223
258474
4102
671750
134245
982162
601599
999501
350553
981714
885356
247667
429442
484775
480837
66077
839341
144250
41577
174663
216102
178102
345528
679600
777419
451596
368405
164358
920944
244612
384868
711026
771372
585407
111166
788278
811018
896926
439252
203595
459410
319726
616078
412703
409500
735418
491659
704120
374560
123315
517167
83259
410103
909513
745437
910632
801434
110140
261802
657768
941506
27693
460164
858166
804220
376813
499394
785916
187459
556257
615785
993732
925500
469170
915263
823421
793809
566635
256588
134561
893347
101059
964428
962266
818983
189420
94904
262739
862284
466403
592177
367219
312937
865702
700242
882532
779518
280425
528850
430915
146148
216306
489076
486209
331043
484918
409541
294249
49642
377548
645364
781802
984650
680143
121595
918938
973480
339831
501129
849603
597750
259470
624940
19139
753581
874100
59041
143709
773256
179871
827812
287984
961734
359235
225515
186245
439268
300846
494097
287589
375332
196193
973943
668457
580173
562885
453092
51972
968810
486554
705135
761598
949481
191320
639280
284772
763235
923476
938632
632204
769930
274848
240610
353424
630847
372556
92448
278562
71528
912025
258554
808786
849444
189330
427391
328275
587235
656871
899717
233854
851741
629009
65861
458936
197463
311327
710757
754287
727016
831485
968987
336330
433351
482810
964992
655244
711570
156428
450692
442660
747826
393157
596006
513691
26854
929302
903026
682468
642005
956588
879291
109109
977247
134864
731065
412676
657470
999623
51095
448139
769722
813330
355157
623183
775247
907754
450355
245290
804490
511248
746443
735042
247857
992158
78545
121538
845788
904093
416034
466559
871287
158620
930922
704138
804170
847348
122566
483917
340986
687313
19344
610384
73742
862603
124340
533363
370789
940489
660704
277707
953068
910261
331363
509489
638122
757762
890738
401963
201390
103490
476173
929346
404542
930830
693094
133411
730093
92281
429698
931561
440455
329821
987772
603065
328370
888089
926791
361852
621357
929976
255040
488277
151850
711035
200839
192626
77213
708724
383176
246572
315263
814133
640881
761965
980679
795036
116959
341321
861955
436174
522403
281557
107779
433927
340664
89573
690848
884246
223851
211684
989349
802351
113226
13017
260880
971881
119162
68198
714227
873541
448079
885670
885375
58317
773222
331732
595045
792168
918799
878806
72932
101116
118625
291735
149992
161194
854260
754344
333517
566792
211039
957679
64484
860489
629757
881086
712859
955964
371801
46028
609761
589557
525295
448605
444105
451126
524932
63721
273026
440806
758125
74472
294053
461505
743259
858441
399611
632648
123365
767599
546343
329486
423534
744534
527671
282509
79226
938056
575231
207218
77093
679902
906038
870689
344151
649032
752162
705696
706635
855357
657363
478749
34592
21734
18373
396667
829011
17425
394556
268696
732807
990924
963157
743274
857786
277539
683621
41644
618457
317663
404524
249848
156323
446428
717260
785724
253119
449694
115182
448383
134878
563911
136629
929969
623433
825772
119693
561517
113811
689988
997415
178963
863733
509975
245619
177332
951224
392414
593009
372025
195721
594421
337042
302558
946102
590523
824985
588094
640619
134475
527476
189301
183970
126603
723109
801316
174837
8345
298286
811070
752117
458933
809445
709918
328031
110151
627155
178768
379618
679392
491492
415012
930847
909826
338125
399600
453756
977702
334790
275701
669322
211879
513565
624725
592013
261935
815198
32694
403264
863893
321790
702832
662313
949351
561916
949075
280104
452554
352886
397288
167031
649997
541900
979362
8258
23832
679280
51660
85641
6572
545339
80714
552884
583621
575106
908771
775557
551936
821088
469818
238394
430281
27323
518
962228
620636
716786
955220
395184
759559
291771
586245
742198
955703
157927
920370
527568
891454
655303
597094
603196
173861
564017
563937
577612
572724
804646
1841
338144
725939
946708
274132
737511
740125
604814
844053
867934
830596
557935
348235
940351
933073
43843
183700
2116
727186
826644
130522
147890
28005
33721
346535
803414
306144
412320
650093
228965
988844
401802
622255
860267
553531
989094
279664
887967
952724
786629
352803
336604
554791
480257
849679
442110
522870
507226
256212
82425
852780
181367
628058
270149
379047
418699
3141
767486
772265
56351
968237
266093
980632
926224
44144
13547
795742
402437
261747
166254
993108
864569
859138
880082
567827
381108
209988
576374
196230
711718
681384
576462
235909
255598
913071
393028
215990
102942
174792
277433
184465
131671
793180
205907
421766
689008
36621
10907
867563
644190
775036
470896
128850
964257
815730
370823
538035
509344
107552
563438
526748
829024
95847
310231
141061
332985
70897
124034
263618
132178
246532
781683
651521
640301
795566
636518
661498
439615
244582
853351
304635
77277
362918
691113
451596
769427
360923
339660
129369
180618
798075
172860
149514
916125
123773
738819
757270
974184
922420
723537
722935
894794
132640
468174
996926
555779
104383
991909
987314
647790
369637
281686
142082
423973
596501
475772
185493
329435
91462
74232
182411
656939
597483
293706
724541
250710
150090
212677
570117
316994
762163
318137
946744
346085
402328
888116
941380
788413
449300
272179
741474
357880
857076
960243
419461
997448
982269
697083
928647
794616
577711
158002
269265
734663
894667
915549
205136
867760
493180
254953
562580
403195
674596
735213
498967
931686
79986
612024
857177
148324
449941
856055
73945
533155
874005
444431
549219
327892
576663
666385
309849
45352
279270
929660
191053
917517
397179
351050
833585
289453
419202
924785
321294
381416
73991
809545
565245
232941
213148
90197
837969
378911
432532
675780
653928
618130
65718
549957
756369
815075
131331
875781
835781
762250
208535
56676
125047
991819
744082
91567
306636
570473
583866
778012
287380
438534
773577
992805
64604
854660
36173
218710
686513
675362
218551
212641
559314
8246
943793
592538
661541
849096
66575
229005
850915
689669
817618
242685
82765
877743
732196
981558
440368
161787
165700
553185
652695
927997
669892
979415
768289
582571
708296
697060
60421
93697
537850
758037
381626
238484
300509
797720
948251
989718
27186
49683
922430
781493
456508
716761
940544
511175
938579
135727
13084
788280
604739
648107
489537
239041
272121
211595
727896
894263
8972
816142
438028
862725
606984
855866
996457
42403
204822
608218
340005
832430
733668
406134
212690
184440
116915
528878
671974
178074
750216
691105
620853
573222
705624
6958
22030
600164
277282
99811
380687
884880
872498
253538
883567
74845
397884
874298
844101
577002
477441
283628
706584
571657
547800
431710
118273
190788
359561
775040
947404
469148
279173
70115
845472
41857
513329
968272
782578
674172
235192
104951
258323
287789
348651
868333
320750
992480
212307
110085
798126
111318
330485
306806
950790
420568
956183
878457
445099
308728
746620
366536
149773
9786
51219
116367
41595
627908
712683
683002
207841
433562
574253
831114
686184
23773
664168
790826
291271
186381
13016
482534
732990
132046
539502
215666
563095
566622
153929
474142
295452
423955
344067
662653
91796
587171
448269
819154
725237
321655
559629
938675
68289
937229
328793
746081
95547
761934
859635
255645
119582
509160
676576
190380
774280
781468
958223
475347
203389
798917
997700
95042
546022
70399
408672
441018
525197
458124
390877
736823
652728
521347
451712
219180
843681
24500
604822
282678
164539
930632
510209
848741
939943
747417
744311
860617
480313
649547
463725
83169
965239
148823
177170
129497
169322
721115
525933
599097
348961
587139
773008
470153
303412
261652
334695
672768
15786
709723
465652
359083
215405
295760
242552
526129
777412
982322
669073
272635
863613
6599
976705
832205
54128
682961
45585
889535
659531
73331
670589
724541
209864
785302
348057
759171
932141
882456
8085
578895
800871
498412
835817
900596
444480
831375
258639
858914
866187
752758
961439
281783
329339
298791
368395
727120
490102
903589
908622
922803
410061
971639
634597
430807
578172
74498
125496
748187
516258
572097
749013
388792
340155
889571
328993
652147
377911
558300
206730
705932
718185
180395
405742
16434
966970
673070
265067
346738
180003
795463
587041
568213
116627
273580
892975
833241
652139
304386
452777
372455
165337
401319
151289
664553
889017
555148
566718
835734
286086
899560
871064
612662
782263
157826
779033
749504
657694
380591
967684
367209
151457
350899
338051
458142
794012
807438
87529
478603
415039
934377
812164
23551
822598
89911
780633
976696
723085
902303
417105
996041
258876
515820
751972
886483
896719
143455
802847
855804
652919
731539
130760
955480
181870
647946
874048
531919
173938
192552
601756
400153
741366
340748
68156
328716
51701
595053
48042
134718
452812
785209
696560
540478
479504
424244
428398
371472
2348
253174
668459
458275
942522
260536
761057
360637
343213
622226
633243
823333
389964
70916
503933
320045
917680
154974
285810
473550
742685
385060
331812
242893
1200
823256
867756
741055
743812
290314
518310
854321
299289
288118
458767
949314
92432
260659
890183
472873
857339
711786
291778
790713
405957
576101
847023
691812
676846
336546
526631
293112
397864
167496
590525
418000
234119
754958
962813
396369
606548
336295
20903
913799
47554
173782
460036
747644
48988
216554
859021
920845
641353
454339
664722
389912
964322
6051
954767
423502
797672
656133
440216
619537
473554
890863
470318
504616
128332
761161
147667
915792
309843
542161
418731
441167
247029
369355
615911
43168
138532
803274
160600
312474
467849
161343
609884
734040
2879
303416
753712
411747
924599
423307
362058
830049
815792
517710
260300
265509
910431
791107
388146
237790
183200
441882
116479
458453
815663
133128
806068
467845
241375
181124
977658
635979
746832
582704
682446
244742
741093
251632
968766
819567
900355
455232
676053
715607
443196
287576
996221
404883
837297
979112
548172
255789
960644
579437
821513
317811
419623
959930
322278
183758
974663
526734
645947
431940
697242
540760
890538
508056
25377
802946
741572
262188
88662
59293
626047
661701
388208
475211
497483
480582
155861
925696
276971
530292
495313
919262
683861
76437
512638
30624
128372
196946
583264
626413
178497
884847
594045
980990
140731
73526
316694
663093
769078
497950
710385
6850
491982
333435
203450
808386
868573
804262
664455
112350
727339
441434
855323
748163
724765
953106
145880
743961
21946
970211
201770
637220
649180
595880
526494
463607
721396
604050
130177
284491
200669
972751
877988
608345
965535
418425
224244
484513
538887
972938
745578
851184
817162
583425
648095
256972
65368
578300
954670
30679
837854
189175
675839
903115
940376
603265
318461
979742
126509
742329
398482
691130
32818
457835
86727
885395
281867
59453
182122
741574
544115
781410
595347
333406
529835
983712
761657
644381
870625
276861
600843
435667
478817
656740
564114
734031
341178
913312
54744
707767
741508
333774
665684
96347
411727
237082
288979
7200
783843
209973
593766
332757
897973
218687
190176
469874
689776
958430
741489
484647
934957
657244
604348
937306
820243
741205
307779
256172
76854
645892
956783
474809
957649
970556
249167
359057
671503
646378
133002
6952
223723
155423
120473
494379
318791
539536
876746
697124
466344
459428
876722
828715
765655
869544
236067
779332
918990
378112
889331
929264
744664
712558
805790
331027
645152
104238
240189
736889
616371
965511
243839
743367
54248
835573
429430
935795
212476
223366
117551
562686
161197
15533
791394
49309
350523
413890
33782
962797
928730
147563
127906
868611
257396
662178
980769
995639
220259
724660
219947
539304
922701
415073
425441
948498
13752
750350
26760
483579
433411
766871
208394
872627
674332
850929
172300
498770
142963
699625
162177
654666
986266
152992
240436
179577
592085
863969
298969
588553
927554
436092
474034
987077
147926
518154
418335
867856
417430
584690
798046
576029
425319
162921
98791
201445
328267
39618
312998
833583
491971
533550
204889
771768
655389
483978
765344
673963
452022
12273
654103
543908
530533
175369
560435
815580
980092
193624
585919
436784
845944
668754
725844
33771
330806
511992
302546
582092
213362
657790
959470
745910
782496
613970
504137
481651
873863
507715
911571
392484
924724
951449
573421
944775
59377
850675
437666
101920
151807
419356
847477
844163
787205
394797
628056
413302
482452
811676
114316
883451
591023
458216
491490
774721
682290
4755
68768
9295
674029
427561
11589
919642
325723
834153
792878
869315
412917
752041
191286
183808
215900
659543
986611
476361
851915
596804
756843
966735
12816
335003
844039
902086
687039
464922
827912
474067
490856
899663
191522
897398
971755
237328
7651
307944
385992
866490
516036
2505
614854
254512
249289
124421
202647
746327
957726
597691
432073
795490
406264
564972
856880
437961
4250
689729
496332
535705
451542
856911
714063
154812
247776
503571
429570
498704
96950
957805
267414
858542
878505
745912
677412
494155
483583
995406
565654
755767
426652
93777
155333
283520
439192
981851
632811
650629
891599
557026
318652
263073
51884
894916
385815
719845
289887
537534
23999
364851
395411
896421
795047
60870
168925
963351
304295
284410
67440
79250
780185
712776
869314
706505
163451
378425
773388
52995
520459
151778
712249
891914
676980
615129
688237
148220
564178
935759
228426
4258
261382
775931
791992
681950
636583
751842
302077
838793
637333
551066
977332
561371
823535
969569
472919
692950
437810
191933
411259
420496
562900
420959
189207
994309
566076
681476
650843
709553
586016
789188
960199
373463
130900
259370
596623
663528
121859
451049
255685
432394
867786
618274
457637
453094
820847
107334
718130
122059
314960
805408
333340
776307
287679
744305
226466
66702
61302
84943
6003
333642
156691
539156
595901
979659
463298
897230
27523
113803
818771
385120
972793
159282
30941
227000
758597
758265
671217
989852
392211
268895
401991
136715
608795
538942
672513
124252
887408
608899
153511
567628
865078
315600
992273
904772
71431
747676
959389
128371
998005
695265
192957
87994
869302
203520
294991
906400
57377
741015
500970
351596
30917
24902
558181
61684
394357
363031
510422
519480
530628
395292
42019
777770
855879
524629
713448
744907
724232
522564
871865
859969
311589
182080
641666
377844
819115
368721
174711
492125
728496
795093
312296
574581
939329
602439
585135
142849
916160
349292
816027
550088
741070
704849
331387
786250
994656
761396
187820
531389
764340
419519
81978
377483
704412
617355
78362
849356
528899
592118
874629
785260
605194
715984
318794
779678
378117
468870
888729
101023
469073
710877
537302
953146
944135
543360
652885
970222
345278
535752
13282
514718
610890
45023
221801
164594
40800
18240
636705
397107
944676
191059
654720
47766
46844
351853
177619
742306
715147
902186
349890
308413
459222
789725
134840
751385
203511
292747
365332
1145
225170
976377
618239
285604
134198
826454
43885
679909
289932
774629
983952
701915
302557
718951
999032
9121
206465
888399
543903
772319
719974
87840
919184
758270
702420
31625
741586
707279
874393
956078
579267
625355
160953
357751
573701
633705
924937
522491
2339
798519
630292
48819
260967
800285
346609
681031
53503
694166
706451
100751
195672
898006
815432
484112
795974
931788
621661
864095
152095
604641
235798
557041
889986
515455
221217
140902
71300
629886
934049
928475
131398
142026
531758
58530
551127
772869
298817
452244
26943
652400
725024
520930
6240
795075
275620
165476
60332
42950
894911
869442
675618
514602
213792
824856
125538
186673
91685
724638
228993
967113
917870
319050
250141
33649
154025
859607
120714
448079
88957
167143
235035
874386
780063
111834
144504
939763
372846
338028
587417
949666
466661
504020
487568
229734
971282
244820
156853
813586
207160
520319
911612
682148
537149
835062
725074
190559
406979
335340
972479
147749
62322
162819
452502
506759
280553
932925
566170
289057
53209
714810
229405
738614
524913
477924
564150
581735
578358
986946
551396
665730
731501
859153
590339
798207
986083
57143
982082
233654
942525
997039
198761
682
513155
217570
57633
157385
373293
541931
993453
46292
787155
460580
531631
240476
865496
413057
396995
665891
817233
393780
359010
584015
971858
626742
917595
290868
91179
882644
262268
729167
108479
435979
404912
221003
873734
265495
353865
81883
49592
810511
537571
31861
786054
148252
716416
643461
666500
603743
616994
220837
663583
59412
155998
280154
834019
771527
294953
597248
7621
109991
384743
780415
685730
687478
687045
969564
639831
948373
400591
135652
800606
903237
630652
9718
174319
648157
845235
330481
187412
396512
939518
49988
922468
988721
570769
818204
57036
598323
23056
148493
311951
718144
87032
136788
292104
722517
545422
36786
649173
280273
421622
211279
618135
603719
244232
31774
535788
655833
96807
749365
441909
419056
793032
231099
949739
141934
627879
330446
180677
199927
763377
854874
353807
449753
229410
757848
486519
36022
909338
572054
229535
464705
603915
355450
357972
460374
498586
585392
827654
172200
254997
147676
664358
203036
681007
692293
605412
200267
208884
511764
37020
266853
636459
117988
351078
510626
574116
839640
131921
433374
41188
198900
712631
134915
845342
386688
844412
242503
522748
25064
792069
489623
981318
689027
755646
530830
13590
748930
836833
343836
200289
238721
625063
22242
598989
759073
567261
23403
704020
995018
514026
93753
304693
926260
994290
322868
145386
403443
759925
434518
206706
511039
194556
912840
547202
134617
625106
137749
595091
772387
843102
811005
647557
588066
621759
554365
378150
775213
275717
509038
243834
508203
615338
120284
500871
905674
457909
789671
990136
441431
487619
657300
739024
978052
377611
680977
680076
346420
121120
451596
565702
664997
645664
958482
847595
62286
234764
785263
79400
113534
331200
61014
48408
116056
375506
136725
455298
701245
209765
533549
859480
571348
63230
701903
863426
235953
139883
755144
915241
807915
7040
931562
642276
5475
849594
7364
36309
572868
261158
146198
932372
242199
440669
769432
534784
636183
30724
724144
360963
564568
154349
524296
834991
416864
292940
167660
605149
266197
171247
937640
902079
160322
650924
401124
183043
919454
738301
594125
642213
827413
347055
228827
363557
618324
311062
174434
261086
201772
767507
698507
876113
785503
275445
486089
867308
671544
293877
570349
592383
572480
814200
542461
856330
670733
23195
688026
942131
389184
323937
257652
434909
811807
415322
327128
887967
98180
796155
299720
824724
912787
897111
769240
652495
870821
715796
286645
954057
4874
105566
350712
163163
614555
573179
426848
406465
432956
933259
577129
44452
398010
379221
513570
820470
498562
398490
56186
343342
630827
334273
272961
611906
536092
169138
9552
635596
527246
818342
736496
894628
406363
692986
134992
128733
886966
288109
974732
167511
539965
818077
864189
920202
437975
962573
316876
595153
108627
810016
952805
321299
824128
815627
438810
775337
6014
576779
52298
898856
375640
269409
842914
561174
610923
829713
468576
133955
22186
243598
795910
142695
255528
164172
728752
63002
958763
920631
899321
111990
839150
933408
792530
670041
167790
972521
969656
201599
691624
650864
576663
160778
186896
430891
178458
22309
2573
240118
665329
288339
189304
436542
935864
535136
392331
105316
287701
986316
865733
467381
246916
550092
554241
821039
652412
905779
235921
7106
152044
136431
873773
355783
724029
593611
897481
441377
884483
117423
559006
910078
656113
291075
238014
15344
949046
303299
868767
848246
579587
789949
233249
975694
937645
526707
140941
774922
496986
667146
742416
265880
110020
374969
528397
798938
21127
493838
392621
634277
804142
743560
744720
794683
856859
407444
64829
411568
539369
294100
45297
612200
670282
875332
566145
318098
649161
29954
499862
908949
89368
31451
782603
353715
146003
122610
307388
612475
263707
680589
197341
365857
684654
633591
354472
596292
862654
978939
341191
72762
586475
889874
146344
814070
416893
524226
939427
771379
977671
879021
439496
229243
690363
375403
952242
365348
874172
688629
74622
95018
277624
847125
987903
199499
29726
74706
383885
306266
803526
974894
261547
130276
759842
31913
188062
383649
534434
653133
85834
473396
260895
239524
576524
822949
967480
357124
902964
876526
467585
497001
101776
711898
572248
681435
538089
978012
73151
943395
138412
471248
141608
473796
926390
676614
588573
943895
260376
641270
998506
626071
203793
954496
4892
345663
435961
92047
290228
882645
283049
344
37576
815456
669723
404363
184469
108892
355395
930655
921078
480247
327324
203896
228920
391107
386856
961477
607303
759138
870050
756568
498135
147708
648399
559780
688647
763645
829913
653726
504739
864966
10926
271070
659962
473652
119300
817554
333346
72065
295839
819513
623884
572473
154585
185730
80013
919680
390694
214417
340690
754761
767672
187132
849349
291531
905258
176191
965306
557444
800282
442293
774862
923528
176791
273848
707696
884204
605714
335709
417086
413627
135639
637468
418655
142198
440195
218466
294664
611044
95142
84505
247102
295871
289412
68434
629659
481635
387374
843825
175902
178322
878313
876978
686330
969735
263357
665697
758107
225519
674278
916443
444907
54305
671844
537260
964076
704802
363127
284799
272597
334311
916485
454024
318980
686096
970233
821311
829824
178094
257589
498265
139517
785135
301152
611403
172497
404956
158630
821758
549434
319240
430622
491752
952303
262976
38182
593156
708742
860674
116406
609618
455700
766319
165201
381085
382462
335284
545941
951478
74275
462602
295593
281009
250801
932929
312854
535973
732402
966515
7162
278947
386395
20980
122074
112542
941926
968448
579127
723380
104558
29891
240671
304321
171550
139751
911187
824756
563422
226533
112527
544857
921604
782908
9833
27966
960994
893793
997349
275359
477735
76613
477721
814326
352685
743802
433675
690543
633380
858928
129675
904176
941302
65407
720033
62240
751841
8350
391589
501217
585558
298461
931907
434874
342413
757250
845924
306016
14017
746243
556052
568691
277781
417549
527471
366493
224854
107819
656277
576951
717995
534674
249711
272351
210326
667825
517998
209329
944057
982284
587766
117040
149365
824919
852205
619376
849061
936676
904765
141991
768028
526712
523366
481029
530551
335493
834642
984080
379549
811521
47327
950679
319522
76596
854848
138493
846778
869465
558466
135074
874171
770228
881513
236039
561377
566681
400027
187697
721296
930143
838586
945731
394446
215917
107204
50150
78348
831058
935931
346595
892108
237271
919334
776631
800119
986552
565048
350812
192450
424857
88246
243040
822009
336191
975483
312466
325992
136588
328807
307103
702545
811450
892803
586498
159684
892419
852561
4225
308284
625466
668353
958656
965612
549438
109390
81119
6734
483963
574379
354762
594567
857725
520515
366039
973752
159545
891518
470047
805784
287738
306941
818386
665035
492735
428453
930027
977157
531410
542144
381145
90632
132893
540605
244952
380183
293680
997504
90166
662273
486046
603316
110640
928335
998399
556909
445263
180908
735342
278250
893598
825815
73657
847169
290376
499961
268498
943259
606110
244142
392761
721160
778440
625880
246065
371087
814772
382626
608144
90500
284982
530923
835607
234849
958174
706673
560815
734935
8504
709191
180033
481975
39960
350516
191847
799271
428364
491387
211482
210964
992328
863442
698887
152371
230483
192353
957640
787504
90808
975501
260573
846557
478906
89626
125709
227204
158907
313855
938271
510311
64236
624932
217227
396014
228942
993727
272064
845402
873518
120972
127859
297002
340187
49374
129291
84419
976452
777773
572562
866161
571793
177457
700667
824411
240608
312086
537777
558476
280595
761025
692773
695618
121570
896357
930657
621252
294049
222326
889549
294362
172346
886840
405464
444409
589226
966148
419142
268782
276041
850207
555126
920432
685933
508342
875212
128269
75891
945810
239361
853873
685628
960396
326523
555216
380987
481198
174444
316778
365388
275134
509405
587348
716005
610750
368287
274240
607152
678413
239010
680252
930295
865259
988201
597388
558544
936965
435522
378658
775242
443187
596951
493267
167197
194728
887479
128910
754886
647808
887090
398502
358604
470767
560455
484697
584805
769612
809116
670781
317582
555235
430137
872356
751450
386353
266422
107064
660287
576870
789217
258971
181587
399803
921295
181441
73268
850933
980571
974289
696182
162794
862395
82759
915210
560294
766892
227458
887152
981569
223761
943333
834139
617353
219518
667332
823059
964102
571718
325695
866406
914042
70325
546130
114495
713948
16690
670237
666507
421379
61868
478456
591800
797164
586753
375663
267008
922376
115789
168156
115216
106771
188880
273330
933904
555026
139877
909970
271997
866707
607035
839683
460742
509193
222019
446512
941452
146151
712885
481475
773540
653897
66689
70890
132361
624515
294520
144128
332685
389683
97455
493757
530592
334410
163073
131473
119101
555413
165029
196917
291758
460222
235521
175730
214349
722060
954825
294635
728712
75796
445104
727400
848095
966533
937141
396505
863912
294958
404520
432364
472868
353515
507412
255571
449000
509807
769022
258308
847989
569249
557893
614099
794560
452204
159979
96872
860400
303464
984783
699108
973814
717554
457918
13437
383047
528619
802210
302045
482982
632939
749937
127568
718322
545156
129765
148381
399059
526018
701004
23825
165728
560617
765557
850088
894362
879295
776963
571452
987758
881526
732624
101815
319653
790190
899506
636325
67791
830696
693749
974960
51685
454264
963309
703914
552463
783552
678565
390308
629267
568004
400008
832115
920414
915777
433791
835406
764024
700004
878549
963428
410160
523818
448430
306440
425724
880250
510461
377554
845701
187592
218601
166646
781692
609735
728757
535012
141850
428732
93700
485780
961015
463591
385403
644440
375953
847896
501980
271006
498805
415522
279597
764277
528247
481092
940213
649037
637892
24500
554542
305485
609938
443810
950292
964057
104147
330245
904781
222310
554630
667042
334060
101127
226395
761835
427057
498042
918687
199022
726010
289942
213010
869833
969427
485850
983856
599473
630583
298929
314898
369601
257791
933237
75521
163692
347804
505150
269499
743074
722894
239558
114123
619504
796574
541376
3977
736458
193539
907943
523392
973694
742535
444521
828722
866530
810196
756372
862879
794594
66032
833645
714768
899158
826379
914527
803188
263799
432365
913355
106389
466466
799697
780981
398652
987032
289171
234355
132697
437264
944045
310101
15745
396252
540871
649288
916355
616880
920780
804963
932999
962373
206245
883144
805637
336342
846591
152063
974943
185607
566915
272338
461473
700971
965941
508963
782590
4573
27310
248463
401969
605426
855298
471584
32609
336329
622523
212649
894778
272568
291531
110213
860758
175086
124435
287517
83205
244773
843673
623936
952193
20260
907301
17202
987399
519131
760196
806199
950539
170997
724249
901858
261983
355387
159750
148008
56371
76227
904737
814612
838239
106071
5359
670045
455872
30649
19572
144765
487400
401785
494349
684804
177195
23305
591491
339317
21499
989599
788174
918633
618749
832342
563376
19013
823968
391471
207242
360070
178622
355455
471612
124090
918620
274431
62640
528068
438467
17267
256525
220388
246425
344375
411672
483098
38387
716819
850093
442833
565973
52651
575935
190677
341713
108525
15394
754696
557947
837498
277380
155880
177413
941166
258149
522537
306635
473836
194880
72041
809954
218241
945377
887057
944507
471239
454899
325424
638555
140624
73511
86756
144613
576547
967512
218247
47097
668982
837299
836550
308347
104922
631509
372759
236497
179998
770420
756813
226320
469734
941216
577165
491440
211976
322165
207973
802391
530151
126573
407688
297682
469994
186940
428169
456554
10449
563942
936064
491759
860577
375646
772360
708519
606293
333956
726221
206484
719472
200118
49409
357520
766409
478074
210736
487845
731537
789483
398333
15518
205956
780513
894022
163028
973176
967874
253200
629607
109472
238255
795824
39580
571202
643586
254303
851757
457839
305488
716638
247409
688276
379064
54562
101424
594385
60570
743997
529530
230596
852002
876831
52507
56358
458198
62289
922677
380249
732390
250623
789563
695446
937478
900833
966095
900778
628391
485616
708976
74710
772136
615468
392026
28518
291363
596321
924278
662757
553871
844924
842502
524891
397056
296554
279960
920718
730273
754476
188200
661959
688946
487972
122554
188592
893717
483115
36840
74761
162434
82952
856743
88748
891520
749972
762061
549681
938784
783335
849317
315658
279625
792605
488721
385126
371078
795038
897371
476031
566195
991830
799842
923333
413682
542920
221062
60491
732093
119294
676140
252270
568734
151586
82636
941541
451786
297284
391492
671583
842518
965778
415591
351516
875487
23651
919913
7544
781122
761758
73524
443209
370909
113585
104696
178109
190491
850463
788734
541007
516881
49214
819646
4732
484949
703928
985749
19829
529947
135192
739980
623409
997172
828932
743738
722769
742842
730786
517701
599857
415513
877088
229987
445751
240401
944622
489988
976479
162285
290540
617422
917065
180831
243320
808167
357585
89484
600965
943537
949239
634673
799916
678451
558542
409361
425207
140726
986894
898609
65161
213002
5623
867786
619751
608720
608293
179013
674392
525338
993832
223205
941630
243231
534842
295113
798901
423370
133366
753839
547359
193809
180279
966973
238231
307303
30391
697758
377726
131735
501471
777900
33977
83978
669972
498764
758387
557323
233277
604127
145911
938755
272122
500407
576870
680998
149703
599220
935019
971859
571622
628231
813025
123840
93134
359871
835628
160362
755569
730183
152657
119602
801003
535681
503180
819751
227520
9674
849731
179291
232025
57144
902198
54287
460007
985719
105507
501173
657009
655866
952384
580392
52405
82495
238476
434740
290475
362477
566660
806039
476171
165352
336812
187191
891429
750028
211468
406012
617649
633384
639516
673407
217282
413814
720372
627868
679849
702290
231298
258608
247520
837967
674448
346099
112803
149327
260487
100284
9508
825837
26914
757406
994573
992420
61221
875165
789057
670443
518728
887597
343111
458124
382172
511435
600685
779862
591939
828247
406839
308206
230864
208839
759210
900524
482895
893010
284007
235627
5149
112861
385223
618517
387884
734981
239881
648841
735515
558689
746696
454247
669167
993799
409389
984173
537140
589930
115196
311066
196951
442130
690219
783550
880564
372834
94826
999604
794420
554477
733195
662428
319823
529089
474807
517287
272610
707715
221042
919593
569789
444295
181135
59059
366332
189762
955078
565470
577697
169643
243834
497208
126724
613649
868942
111119
94950
222913
685717
735867
160222
337857
281491
967170
713420
95656
368569
750368
236
849496
436426
781985
174001
911774
358569
589027
528217
565072
636946
273316
447511
81592
122866
825658
703678
833957
877672
451244
476036
197576
46205
612692
855754
36981
621870
30291
211714
45373
864312
663727
968495
575426
877500
828635
713105
333912
721289
920137
659226
329269
599950
170498
392285
731473
608097
322646
572116
4046
219391
568467
945900
308460
784388
14173
883982
308056
59232
154806
997312
613531
522298
664905
409789
173908
599510
550700
841449
241019
809814
625407
735995
462151
518565
203713
337278
919210
763264
906603
779751
914678
546322
31223
200109
29895
793336
656696
116427
492983
587562
381132
449840
337515
231728
346557
239257
499336
464709
327395
811835
990143
830808
711158
107495
157761
299659
740601
607012
666701
673002
101112
323825
786345
149132
63338
766607
902331
341312
315006
412584
316563
158946
84707
714786
41504
72789
434706
117403
345855
502666
457469
807560
845981
865367
164352
425753
943004
650264
993908
402753
710382
289923
905995
98856
500144
926565
522552
327880
326784
753167
71329
599295
406644
434662
724803
450759
744683
390915
899214
232867
925094
2105
33457
123314
429243
72933
839859
333858
45700
26864
530198
63958
871790
891424
735103
409764
75963
174526
685939
244818
802187
301920
238601
6808
987094
734583
310708
891623
616060
382266
632363
572239
455305
579098
632205
567753
225482
644908
198886
991034
695006
720301
656892
639330
892064
440442
805300
609671
633385
484698
754159
102309
434522
460442
567958
373087
218364
898434
54512
156430
366156
268901
681166
497726
74558
328717
831123
96684
627544
342145
623157
281108
227221
401628
767972
947841
542161
251729
483714
772805
817725
78338
591367
127840
76893
99903
933709
688341
617413
251044
46443
110656
459577
845728
898392
186091
486185
448429
4966
511757
832291
506798
632155
685812
820545
729799
347608
385600
105280
355700
581146
130489
523234
397852
901172
629842
529917
435880
924119
910950
863458
863844
930549
812685
697974
91566
829843
547080
289356
279270
660067
957823
320162
517914
463819
814100
100829
95132
862434
736159
513678
731119
529875
449860
706202
168956
994707
729164
700847
872637
153613
28301
779616
579800
886719
716308
24403
139000
104164
994077
886163
162609
607806
675360
938844
264853
863720
654125
134808
330301
131500
518807
626945
428377
932805
983837
748023
635079
330982
238721
463444
430551
139658
493015
839363
635852
787960
157963
452032
910546
435222
123685
1459
985260
248727
356963
670829
767072
823318
357224
751345
301988
580522
652632
597371
674307
927603
107368
597103
813388
24324
70654
751431
248068
104676
534173
318537
111372
160427
454435
99864
602978
955913
175228
988267
17629
417405
752532
772392
349656
617358
192827
778449
632838
439337
276198
617304
329205
565429
402069
674987
571828
386426
279902
497837
90250
230204
409400
531040
487217
683628
582640
825978
540353
199084
369420
198383
93506
889223
843605
628703
371097
199118
632635
597064
372014
624957
395797
287364
414373
979553
237350
896985
478465
273744
976098
657074
934243
564990
175776
831221
663238
589818
166481
443890
197269
478376
396364
124626
43023
856575
567135
754324
289949
33462
754170
508657
23662
342567
776165
961908
433712
766618
269627
927365
538613
721533
624557
485718
722505
369728
959686
377693
186197
288598
199335
267833
655175
114342
907133
734209
397677
420160
585203
229636
773393
745703
620652
761697
614807
292493
943336
870976
793322
488499
70466
230281
125446
612567
532632
879483
597294
852416
136170
383911
259727
262532
601464
880102
105613
109385
948628
126473
632832
687007
173751
849031
249842
977504
857127
549406
249978
364153
588207
206632
666534
269765
124944
19281
753715
280478
580827
646419
994573
440423
171885
551843
65121
396657
436261
379908
936061
456860
149673
920826
245189
694266
212628
780581
792628
552637
418746
912955
77985
541251
7829
82464
976985
700251
979950
831205
906504
536664
441971
913914
508873
935164
915183
934718
211834
518168
59064
276534
470537
705367
749395
776191
864266
731744
159400
399982
572387
373637
923656
121934
801393
405337
869224
296263
903755
955520
294405
959279
710271
750583
883222
220981
656484
454960
290419
115002
391426
69031
238442
398018
642472
450861
395747
153363
262056
367591
289135
995759
188261
798854
424887
550824
928958
98568
131927
352443
577980
102619
470385
704992
498541
452120
858305
666958
149064
733162
237143
539888
955946
650552
87785
786084
33821
284897
286738
818350
271538
934607
962826
278245
957182
680375
643861
520996
69738
100885
710566
732374
745669
484832
931928
176820
962780
513741
618436
659357
938511
297617
710140
987828
546589
176769
778269
890964
447182
80604
851928
826580
445828
982390
83286
746236
464747
134671
170617
684918
548006
345193
615724
908999
68996
244569
801690
492679
510940
616523
455290
846903
624169
497498
708803
27394
284039
441928
372512
711325
703143
272607
546804
918114
222329
498175
344677
853875
973425
645040
965372
31046
709047
449330
549882
41938
655576
383463
699181
473282
754840
943882
700507
917622
432641
928981
603181
637028
698662
343633
738354
720493
641076
785997
137936
249433
487894
709782
332833
174688
467335
315906
400507
148747
267602
944083
647326
537098
391950
703484
496829
765031
669546
512405
837037
265624
490922
441913
366195
102150
673178
361753
527858
164983
547996
677964
380462
921276
654215
132306
723527
847836
319808
861735
565517
884875
664276
473696
760727
842827
162924
281147
755879
256998
94495
913517
273770
285623
242849
673719
860671
937577
370753
305781
4388
915919
888632
980487
129946
884237
716524
294494
959328
881254
465311
781369
300986
77074
978619
781440
62423
273970
227670
887508
424947
718138
573822
561774
184404
738735
46391
266139
655608
324909
4094
304809
892338
33028
267289
724200
356509
564523
371419
914916
443836
817120
845667
314838
431890
401390
40179
427240
753671
445006
418102
614878
728475
380351
156760
623746
37574
876756
952079
608676
210864
221691
385288
788784
381014
531328
179215
684713
227901
834757
692666
335483
448596
261464
725056
444005
486544
226000
9698
686085
122816
293667
814931
338635
606132
663538
139791
990164
479988
814706
403585
455326
708428
631225
312743
783856
862491
146253
18465
652442
121317
509321
3350
374513
589338
19365
472788
811788
775672
293656
958515
369149
341639
452076
426066
738992
579186
758970
454961
316765
5191
271656
379752
446846
785677
90592
753163
704795
206770
629712
325691
788649
913384
980971
676437
332835
381355
649813
401100
260861
842330
736577
889011
859566
899290
504718
309428
867953
709399
157173
115595
675093
791907
66196
429556
953664
797292
69678
231187
66770
296161
928613
792769
416454
781070
350039
84624
780661
288147
507410
222035
184872
837531
607608
56698
396782
245415
764521
401617
703603
373423
593419
844509
254510
737115
743786
505532
536591
527223
726298
652486
766067
37732
960847
915686
33657
227424
843203
569631
941046
69853
536946
604099
423211
913298
263620
562166
261667
83555
148401
103294
192922
544547
427103
641148
694564
333124
828277
549654
810504
33584
676614
198516
457275
940987
508212
955340
467397
346877
284422
326846
569900
13797
79598
977786
756527
378788
681496
482253
14637
495143
804697
674147
657485
462348
60688
379575
193272
948414
144227
319660
148318
435959
9591
170771
593377
239112
367806
690509
19690
588166
78868
454877
844607
252757
983895
50564
723591
813972
300531
937146
347204
764595
909559
41213
834005
648127
675323
986472
600063
55808
776316
134128
953720
438406
589730
230832
88295
640348
916112
688731
251162
206139
394909
791791
148976
709225
260341
29539
819510
403771
135192
872004
178617
424657
52988
823123
947741
432501
182376
925656
630731
393984
248926
598268
492352
350827
157942
732521
116510
134656
941145
501180
156430
928214
815938
277527
199624
144883
667571
170058
288451
12286
155570
537858
80863
