10000
999996
999923
999820
999623
999604
999501
999395
999032
998506
998399
998005
997780
997700
997595
997539
997504
997448
997415
997379
997349
997312
997246
997172
997061
997039
997004
996948
996926
996536
996457
996366
996226
996221
996173
996120
996041
995829
995759
995743
995639
995406
995106
995034
995018
994927
994707
994656
994573
994573
994309
994290
994270
994248
994216
994123
994077
993908
993832
993813
993799
993732
993727
993591
993577
993453
993291
993241
993108
993105
993072
992805
992756
992687
992586
992480
992420
992328
992273
992212
992158
992034
991975
991909
991880
991830
991819
991690
991642
991619
991617
991328
991034
990971
990924
990740
990486
990164
990143
990136
989852
989718
989599
989575
989569
989349
989203
989169
989160
989094
989056
988844
988721
988718
988532
988267
988201
988165
988022
987920
987903
987828
987772
987758
987584
987578
987399
987314
987178
987122
987094
987077
987072
987038
987032
987014
986946
986894
986813
986611
986559
986552
986472
986408
986341
986316
986266
986115
986083
985991
985749
985719
985630
985461
985297
985260
984975
984835
984783
984745
984732
984650
984173
984080
984029
984018
983952
983895
983873
983856
983837
983796
983766
983712
983584
983481
983337
983005
982910
982527
982390
982322
982284
982269
982162
982082
982072
981917
981851
981714
981569
981558
981446
981391
981318
981218
981203
980990
980971
980772
980769
980695
980679
980632
980571
980487
980377
980319
980273
980253
980092
979950
979773
979742
979673
979659
979553
979415
979362
979112
978939
978747
978693
978650
978619
978052
978012
977874
977786
977702
977671
977658
977504
977417
977332
977247
977157
977100
977030
976985
976705
976696
976479
976452
976408
976377
976307
976288
976260
976098
976094
975718
975694
975501
975494
975483
975395
975256
974960
974943
974894
974732
974698
974663
974610
974512
974289
974184
973943
973814
973752
973723
973694
973522
973480
973425
973176
972984
972977
972938
972934
972793
972751
972601
972521
972479
972477
972241
972198
971929
971881
971859
971858
971755
971639
971282
970556
970399
970233
970222
970211
969974
969919
969735
969656
969569
969564
969427
969129
969117
968999
968987
968810
968766
968495
968448
968386
968381
968272
968237
968183
968086
968015
967874
967829
967813
967684
967512
967480
967187
967170
967113
966973
966970
966818
966735
966582
966533
966515
966462
966338
966236
966148
966112
966095
966016
965941
965778
965761
965612
965546
965535
965511
965372
965306
965248
965239
964992
964613
964595
964428
964322
964257
964202
964102
964076
964057
963580
963522
963485
963428
963351
963309
963304
963157
962826
962813
962797
962780
962651
962573
962426
962373
962311
962307
962266
962228
962119
961947
961908
961734
961652
961477
961439
961156
961015
960994
960847
960644
960396
960243
960231
960199
960190
959930
959891
959686
959546
959470
959389
959328
959279
959192
959174
958844
958763
958686
958656
958515
958482
958430
958223
958184
958174
958038
957955
957823
957805
957759
957726
957679
957657
957649
957643
957640
957544
957182
957126
957091
956868
956783
956588
956584
956514
956308
956257
956183
956080
956078
955999
955964
955946
955945
955913
955869
955794
955736
955703
955661
955520
955500
955480
955340
955220
955142
955078
955070
954980
954979
954837
954825
954772
954767
954670
954650
954504
954496
954345
954271
954074
954057
953923
953833
953814
953808
953720
953702
953664
953467
953146
953106
953068
952916
952805
952724
952697
952384
952303
952242
952193
952079
951952
951890
951531
951478
951449
951224
951027
951027
950790
950679
950539
950292
950112
950111
950074
949739
949666
949602
949552
949481
949406
949351
949314
949239
949082
949075
949046
948767
948735
948721
948628
948548
948498
948414
948373
948251
948134
948009
947841
947741
947504
947404
947355
947305
947008
946744
946708
946678
946517
946233
946102
946053
945900
945815
945810
945731
945514
945377
944812
944775
944687
944676
944622
944507
944305
944135
944094
944083
944057
944045
943959
943904
943895
943882
943793
943652
943591
943537
943489
943395
943336
943333
943259
943098
943004
942993
942910
942562
942525
942522
942131
942040
942037
942029
941990
941926
941760
941759
941630
941622
941610
941541
941506
941452
941380
941302
941216
941166
941145
941046
940987
940798
940672
940544
940494
940489
940387
940376
940351
940309
940244
940213
940133
939996
939943
939797
939763
939577
939518
939427
939420
939329
939252
939041
938844
938784
938755
938675
938632
938579
938511
938399
938271
938175
938112
938056
938034
937645
937640
937577
937478
937310
937306
937229
937146
937141
936965
936775
936729
936676
936127
936064
936061
935931
935864
935795
935759
935361
935164
935019
934957
934932
934923
934845
934718
934700
934693
934685
934607
934529
934377
934243
934049
934032
933904
933774
933709
933664
933553
933513
933485
933473
933408
933352
933259
933237
933073
932999
932933
932929
932925
932805
932779
932765
932758
932707
932372
932289
932243
932141
932057
931960
931947
931928
931907
931788
931775
931686
931582
931562
931561
931516
931327
931170
930972
930946
930922
930849
930847
930830
930680
930657
930655
930632
930549
930295
930143
930027
929976
929969
929660
929346
929302
929264
928981
928964
928958
928743
928730
928647
928613
928521
928497
928475
928472
928335
928214
928029
927997
927603
927554
927365
927336
927286
927208
926791
926721
926565
926465
926390
926303
926260
926224
925926
925859
925705
925696
925656
925500
925468
925429
925395
925291
925094
925077
924937
924785
924724
924681
924599
924562
924455
924278
924119
924053
924051
924009
923888
923761
923656
923528
923476
923333
923232
923158
922808
922803
922701
922677
922622
922494
922468
922430
922420
922376
922333
922258
921998
921745
921704
921604
921422
921295
921276
921205
921129
921078
921008
920949
920944
920879
920845
920826
920780
920718
920631
920567
920557
920449
920432
920414
920408
920370
920202
920137
919913
919799
919680
919642
919620
919593
919486
919454
919334
919328
919282
919262
919210
919209
919184
919180
918990
918965
918938
918828
918799
918687
918633
918626
918620
918129
918114
917932
917870
917841
917680
917622
917595
917517
917218
917149
917065
917031
916678
916670
916533
916485
916443
916355
916160
916125
916112
916007
915919
915792
915777
915686
915549
915467
915263
915258
915241
915210
915183
914952
914916
914678
914600
914593
914585
914527
914521
914413
914295
914160
914042
913914
913799
913712
913517
913384
913355
913312
913298
913071
913066
913032
912955
912840
912790
912787
912575
912534
912176
912025
911774
911612
911571
911460
911187
911158
910950
910934
910661
910632
910611
910585
910546
910494
910431
910261
910078
910027
909970
909826
909669
909559
909549
909513
909364
909357
909338
909088
908999
908949
908771
908622
908489
908254
907943
907754
907301
907276
907133
907067
906802
906797
906701
906603
906504
906400
906379
906189
906038
906032
905995
905916
905779
905762
905674
905258
904810
904781
904772
904765
904737
904176
904093
904040
903755
903751
903589
903273
903237
903115
903026
903011
902964
902960
902872
902331
902303
902198
902196
902186
902086
902079
901858
901812
901465
901405
901345
901341
901235
901172
900833
900778
900726
900596
900524
900435
900427
900355
900074
899717
899663
899646
899625
899560
899506
899321
899290
899214
899206
899158
898968
898896
898856
898837
898609
898434
898392
898272
898059
898006
897973
897620
897597
897481
897476
897398
897371
897230
897177
897111
896985
896946
896926
896719
896571
896517
896421
896357
896348
895773
895548
895166
894916
894911
894794
894778
894744
894667
894628
894457
894435
894362
894263
894022
893946
893793
893717
893679
893649
893598
893443
893347
893028
893010
892975
892933
892933
892803
892617
892419
892338
892309
892108
892064
891980
891914
891623
891599
891520
891518
891454
891429
891424
891424
891105
890964
890863
890848
890738
890538
890207
890191
890188
890183
890160
890079
890013
889986
889953
889874
889713
889623
889571
889549
889535
889445
889331
889282
889241
889223
889196
889032
889017
889011
888919
888878
888729
888632
888399
888116
888089
887967
887967
887666
887597
887508
887479
887427
887408
887192
887152
887131
887090
887057
886966
886840
886808
886719
886710
886483
886379
886363
886163
886115
885670
885643
885395
885375
885356
885162
885146
885072
884930
884880
884875
884847
884724
884483
884257
884246
884237
884204
884035
883982
883780
883567
883451
883376
883222
883144
882799
882703
882647
882645
882644
882532
882456
882223
882194
882037
881526
881513
881254
881086
881031
880907
880796
880706
880603
880564
880402
880250
880102
880082
879800
879621
879536
879483
879295
879291
879021
878869
878806
878549
878505
878457
878313
878252
878136
877988
877943
877759
877746
877743
877672
877500
877206
877196
877088
876978
876831
876756
876746
876722
876676
876550
876526
876404
876362
876349
876113
875859
875781
875487
875332
875212
875165
874629
874393
874386
874298
874172
874171
874100
874048
874005
873967
873863
873773
873734
873541
873518
873333
873032
872899
872870
872637
872627
872498
872356
872004
871865
871813
871790
871470
871351
871287
871286
871100
871064
870976
870947
870821
870689
870625
870501
870343
870070
870050
869899
869833
869544
869465
869442
869315
869314
869302
869282
869280
869250
869224
869194
869170
869093
868942
868814
868767
868722
868611
868573
868333
868154
867953
867934
867856
867786
867786
867760
867756
867592
867563
867546
867346
867308
866997
866707
866530
866490
866406
866187
866161
865733
865702
865514
865496
865488
865367
865259
865078
864966
864581
864569
864312
864266
864191
864189
864133
864095
864077
864006
863969
863912
863893
863844
863759
863733
863720
863656
863613
863555
863458
863442
863426
863356
863311
863266
862930
862879
862725
862654
862603
862591
862491
862434
862402
862395
862284
862257
862115
861955
861735
860805
860764
860758
860702
860674
860671
860617
860611
860577
860540
860489
860400
860267
860009
860004
859969
859669
859635
859607
859566
859480
859411
859153
859138
859021
858928
858914
858748
858543
858542
858474
858460
858441
858430
858305
858232
858166
858018
857946
857786
857725
857685
857631
857393
857372
857339
857227
857214
857177
857127
857125
857093
857076
857068
856911
856901
856880
856859
856743
856686
856575
856418
856330
856309
856295
856199
856055
855879
855866
855804
855799
855754
855543
855357
855323
855298
854874
854848
854734
854660
854321
854260
853875
853873
853681
853667
853578
853513
853351
853091
852863
852788
852780
852561
852505
852419
852416
852281
852258
852205
852002
851928
851915
851757
851741
851665
851184
850965
850933
850929
850915
850719
850675
850463
850417
850378
850207
850093
850088
850087
850046
849966
849787
849731
849679
849603
849594
849496
849444
849399
849364
849356
849349
849317
849096
849061
849031
848974
848938
848865
848741
848301
848248
848246
848095
847989
847896
847836
847835
847595
847477
847348
847169
847125
847069
847023
846948
846908
846903
846896
846890
846778
846717
846591
846557
846486
846389
846323
846180
845981
845944
845924
845788
845728
845701
845667
845595
845562
845514
845472
845402
845342
845284
845235
845065
844924
844895
844870
844829
844810
844636
844607
844607
844509
844419
844412
844382
844196
844163
844101
844053
844039
843999
843825
843803
843778
843681
843673
843605
843288
843267
843203
843102
842914
842827
842604
842518
842502
842454
842330
842082
842033
841964
841831
841674
841674
841569
841449
841205
840886
840777
840686
840613
840388
839859
839683
839640
839363
839341
839150
838810
838802
838793
838702
838660
838586
838571
838427
838239
838020
837969
837967
837954
837883
837854
837742
837531
837513
837498
837365
837299
837297
837037
836897
836833
836833
836616
836550
836521
836414
836366
836345
836335
835817
835781
835734
835628
835607
835578
835573
835406
835375
835368
835294
835062
834991
834757
834714
834699
834642
834453
834153
834139
834025
834019
834005
833957
833805
833805
833645
833585
833583
833492
833454
833254
833241
833158
832674
832632
832430
832419
832342
832291
832205
832115
831881
831879
831816
831745
831688
831558
831485
831463
831375
831221
831205
831123
831114
831058
830808
830734
830696
830639
830596
830182
830049
829913
829843
829824
829713
829304
829024
829011
828934
828932
828881
828722
828715
828655
828635
828423
828317
828277
828247
828237
827958
827912
827812
827767
827759
827730
827654
827413
827343
827335
827303
826943
826644
826623
826580
826535
826514
826454
826379
826128
825992
825978
825946
825837
825815
825772
825658
825215
824985
824919
824856
824811
824756
824724
824587
824468
824411
824275
824128
824120
823968
823617
823612
823535
823421
823333
823318
823256
823252
823123
823059
822949
822859
822598
822009
822000
821948
821924
821884
821758
821533
821513
821488
821311
821251
821222
821141
821088
821039
820871
820847
820545
820514
820470
820409
820297
820243
820215
819751
819731
819695
819646
819584
819567
819523
819513
819510
819364
819330
819300
819282
819165
819154
819115
818983
818771
818386
818350
818342
818334
818204
818077
818066
817817
817725
817618
817554
817544
817501
817500
817233
817162
817120
816682
816370
816296
816228
816142
816027
815961
815938
815792
815781
815730
815663
815632
815627
815580
815456
815432
815391
815386
815198
815075
814931
814834
814772
814706
814612
814326
814251
814200
814133
814100
814070
813972
813759
813717
813695
813586
813388
813330
813131
813025
812695
812685
812399
812389
812282
812164
812140
811960
811835
811807
811794
811788
811676
811521
811479
811450
811070
811054
811018
811005
811002
810946
810548
810511
810504
810261
810241
810196
810034
810016
809954
809917
809887
809814
809709
809567
809545
809509
809454
809445
809419
809272
809245
809116
808988
808801
808786
808530
808479
808386
808340
808318
808315
808167
807964
807915
807800
807682
807647
807560
807438
807080
806734
806578
806199
806068
806043
806039
806035
805790
805784
805756
805637
805562
805408
805300
805165
805108
805044
804998
804991
804963
804697
804646
804490
804478
804262
804220
804170
804142
803601
803586
803529
803526
803414
803383
803365
803274
803188
802946
802847
802391
802351
802341
802305
802297
802210
802187
801981
801868
801853
801800
801690
801451
801434
801393
801316
801060
801003
800871
800781
800606
800285
800282
800119
800058
799979
799916
799842
799697
799271
798959
798938
798917
798901
798854
798519
798207
798126
798095
798075
798046
798043
797945
797720
797672
797292
797164
797087
796819
796800
796574
796521
796420
796155
795974
795910
795865
795824
795742
795694
795566
795490
795490
795463
795093
795075
795047
795038
795036
794850
794806
794683
794616
794594
794560
794420
794378
794375
794012
793809
793758
793719
793609
793575
793489
793358
793336
793322
793212
793180
793178
793149
793032
792878
792769
792682
792628
792605
792530
792260
792168
792164
792069
791992
791907
791791
791754
791394
791362
791138
791107
790826
790776
790742
790713
790213
790190
790126
789984
789949
789793
789725
789671
789563
789539
789515
789483
789229
789217
789188
789187
789057
789052
788908
788902
788894
788793
788784
788764
788734
788649
788620
788413
788385
788280
788278
788174
788078
788050
787998
787960
787651
787595
787535
787504
787260
787211
787205
787155
786922
786629
786345
786326
786250
786161
786143
786114
786084
786054
785997
785937
785916
785862
785724
785677
785648
785515
785503
785302
785263
785260
785209
785135
784972
784791
784688
784388
784309
783914
783913
783856
783843
783804
783552
783550
783335
783239
783234
783094
782908
782903
782603
782590
782578
782496
782263
781985
781945
781918
781848
781802
781692
781683
781493
781468
781440
781410
781369
781215
781122
781070
780981
780930
780919
780895
780661
780656
780633
780581
780580
780513
780415
780385
780377
780185
780152
780130
780063
779862
779844
779751
779678
779616
779603
779518
779485
779434
779417
779332
779071
779033
778957
778777
778742
778449
778440
778279
778269
778202
778012
777985
777900
777851
777773
777770
777740
777629
777498
777419
777412
777281
776963
776798
776713
776658
776631
776494
776316
776307
776191
776173
776165
776133
776026
775931
775685
775679
775672
775557
775530
775337
775315
775247
775242
775213
775040
775036
775020
774922
774862
774725
774721
774629
774486
774313
774291
774280
773997
773909
773577
773542
773540
773462
773436
773393
773388
773315
773256
773222
773080
773008
772869
772805
772634
772392
772387
772360
772319
772265
772136
771839
771768
771527
771520
771379
771372
771283
770781
770420
770228
769972
769948
769930
769722
769612
769553
769432
769427
769380
769240
769078
769022
769021
768523
768289
768115
768028
767972
767925
767881
767672
767599
767582
767580
767507
767486
767461
767095
767072
767065
766965
766892
766871
766618
766607
766409
766319
766265
766067
765999
765839
765772
765763
765655
765557
765373
765344
765128
765031
765002
764614
764600
764595
764562
764538
764521
764340
764277
764024
763839
763645
763530
763524
763377
763264
763235
763083
762946
762332
762250
762163
762061
761988
761965
761934
761835
761758
761697
761657
761598
761396
761293
761163
761161
761131
761057
761025
760819
760727
760723
760398
760196
760172
759991
759925
759842
759559
759210
759171
759138
759073
758976
758970
758597
758393
758387
758270
758265
758125
758107
758037
757924
757873
757848
757762
757761
757760
757406
757270
757250
757086
757086
757001
756881
756843
756813
756661
756568
756527
756372
756369
755879
755810
755776
755767
755646
755569
755144
755060
754958
754886
754840
754761
754747
754696
754511
754476
754429
754364
754344
754324
754287
754287
754170
754159
753913
753839
753715
753712
753671
753581
753517
753432
753172
753167
753163
753128
753004
752761
752758
752679
752532
752502
752162
752117
752041
751972
751842
751841
751832
751827
751676
751651
751471
751450
751431
751385
751345
751069
750583
750404
750368
750350
750216
750099
750028
749972
749937
749867
749583
749551
749504
749395
749365
749038
749013
748930
748846
748781
748732
748446
748419
748278
748217
748187
748178
748163
748138
748129
748023
747977
747826
747676
747670
747644
747459
747417
747369
747224
747014
746832
746696
746620
746443
746327
746243
746236
746140
746081
745912
745910
745775
745731
745703
745700
745669
745664
745615
745578
745437
745402
745392
745286
745266
744907
744891
744720
744683
744664
744623
744534
744311
744305
744267
744082
743997
743961
743812
743802
743786
743738
743665
743582
743560
743504
743367
743292
743274
743259
743254
743074
743065
743000
742868
742842
742762
742687
742685
742537
742535
742416
742329
742306
742230
742198
742173
741743
741586
741574
741572
741508
741489
741474
741366
741262
741205
741095
741093
741070
741055
741015
740987
740824
740601
740476
740268
740125
739980
739917
739492
739024
738992
738819
738758
738739
738735
738614
738449
738386
738354
738301
738037
737511
737378
737302
737278
737143
737115
737084
736889
736823
736701
736577
736525
736496
736458
736190
736159
736154
735995
735983
735867
735688
735515
735425
735418
735342
735213
735153
735103
735042
734981
734935
734929
734866
734840
734663
734583
734536
734209
734040
734031
733668
733195
733162
732990
732807
732682
732624
732521
732472
732402
732390
732374
732196
732157
732093
731809
731744
731628
731592
731539
731537
731501
731473
731457
731119
731065
730882
730786
730754
730693
730652
730299
730273
730183
730093
729799
729718
729167
729164
728978
728757
728752
728712
728496
728475
728237
728206
728152
727896
727556
727512
727400
727339
727244
727186
727120
727016
726459
726298
726241
726221
726010
725965
725939
725921
725844
725773
725446
725306
725237
725099
725074
725056
725055
725046
725024
724956
724928
724803
724765
724660
724638
724600
724541
724541
724313
724269
724249
724237
724232
724200
724144
724062
724029
723998
723626
723591
723582
723537
723527
723470
723380
723109
723085
722942
722935
722894
722831
722769
722643
722580
722530
722517
722505
722060
722022
721533
721396
721296
721289
721160
721115
721088
720879
720743
720732
720618
720498
720493
720391
720372
720301
720166
720033
720007
719974
719845
719843
719816
719506
719472
718951
718655
718596
718418
718322
718185
718144
718138
718130
717995
717566
717554
717260
716832
716819
716786
716761
716663
716638
716537
716524
716416
716402
716308
716219
716005
715986
715984
715796
715782
715607
715423
715348
715147
715067
714810
714794
714786
714768
714252
714227
714211
714184
714063
713948
713668
713448
713420
713293
713105
713041
712885
712859
712857
712836
712776
712683
712631
712558
712557
712539
712462
712249
712162
712113
711898
711819
711786
711718
711591
711570
711399
711325
711263
711158
711035
711026
710877
710757
710697
710629
710566
710559
710542
710385
710382
710302
710271
710140
709992
709918
709896
709782
709723
709553
709411
709399
709330
709315
709225
709191
709047
708976
708803
708779
708742
708724
708534
708519
708494
708491
708428
708345
708296
708235
707767
707715
707711
707696
707567
707463
707320
707279
706951
706766
706673
706635
706584
706505
706472
706451
706290
706209
706202
706118
706037
705932
705696
705624
705474
705452
705420
705367
705351
705205
705135
704992
704951
704884
704849
704802
704795
704412
704138
704120
704020
703928
703914
703852
703678
703603
703484
703304
703148
703143
703086
703081
702832
702803
702672
702583
702545
702522
702468
702420
702374
702290
701915
701903
701799
701489
701330
701324
701247
701245
701225
701192
701004
701000
700971
700847
700667
700652
700507
700251
700242
700224
700149
700075
700004
699625
699617
699430
699345
699181
699108
698887
698738
698662
698507
698316
698014
697976
697974
697761
697758
697755
697585
697584
697523
697517
697242
697124
697083
697060
696947
696916
696854
696605
696560
696182
695881
695775
695749
695683
695618
695446
695265
695155
695006
694914
694895
694681
694564
694486
694375
694304
694266
694256
694166
694034
693749
693727
693665
693566
693491
693426
693407
693348
693178
693165
693094
692986
692950
692875
692773
692666
692529
692293
692136
691942
691812
691693
691624
691576
691536
691378
691130
691113
691105
690848
690741
690730
690654
690543
690516
690510
690509
690363
690306
690219
689996
689988
689958
689869
689776
689729
689669
689525
689506
689319
689027
689008
688946
688731
688647
688643
688629
688350
688345
688341
688292
688276
688275
688240
688237
688026
687884
687614
687478
687313
687182
687045
687039
687007
686752
686713
686545
686513
686491
686351
686330
686184
686096
686085
686051
686042
686000
685939
685933
685915
685874
685812
685730
685717
685670
685628
684918
684804
684781
684778
684742
684713
684654
684514
684473
684399
684396
684191
684037
683987
683861
683759
683709
683628
683621
683027
683002
682971
682961
682468
682446
682290
682148
682079
682010
681950
681851
681496
681476
681435
681384
681302
681252
681166
681066
681031
681007
680998
680977
680865
680589
680375
680281
680252
680143
680089
680076
680065
680014
679909
679902
679849
679600
679479
679415
679392
679280
678820
678819
678787
678565
678451
678413
678241
678060
677987
677964
677831
677535
677412
677395
677347
677206
677103
676980
676846
676838
676671
676614
676614
676576
676437
676330
676320
676181
676140
676070
676053
675839
675780
675651
675618
675362
675360
675323
675093
675015
674987
674887
674878
674596
674448
674392
674332
674307
674290
674278
674172
674147
674145
674029
673963
673719
673479
673407
673283
673178
673070
673002
672961
672768
672628
672563
672513
672502
672044
671974
671844
671750
671709
671583
671544
671503
671417
671413
671379
671346
671280
671217
671061
670829
670781
670733
670589
670501
670443
670396
670282
670237
670045
670041
669972
669892
669879
669861
669723
669546
669488
669337
669322
669167
669073
668982
668754
668725
668535
668459
668457
668441
668419
668353
668192
667975
667825
667746
667693
667571
667496
667433
667418
667371
667332
667302
667235
667177
667146
667049
667042
666958
666701
666605
666534
666507
666500
666468
666457
666401
666385
666362
666350
666071
665891
665884
665874
665730
665697
665684
665554
665500
665415
665329
665307
665260
665244
665035
664997
664905
664826
664722
664713
664553
664455
664358
664341
664330
664276
664242
664168
663727
663583
663538
663528
663432
663292
663254
663238
663093
663090
663036
662757
662653
662428
662341
662313
662273
662197
662178
661959
661829
661701
661676
661650
661541
661498
661462
661361
661351
661090
660704
660688
660670
660534
660460
660317
660287
660067
660050
659962
659945
659543
659531
659357
659310
659226
659093
659051
658632
658034
657790
657768
657694
657681
657563
657485
657470
657414
657363
657300
657244
657074
657009
656987
656939
656892
656871
656833
656740
656696
656484
656277
656133
656113
656113
656069
655866
655833
655608
655604
655576
655389
655303
655244
655183
655175
655125
654720
654666
654338
654215
654125
654103
653948
653928
653897
653807
653737
653726
653616
653471
653133
652969
652919
652885
652728
652695
652683
652632
652495
652492
652486
652442
652417
652412
652400
652339
652232
652147
652139
651934
651865
651535
651521
651494
651204
651108
651095
650929
650924
650864
650843
650731
650629
650552
650264
650093
650081
649997
649813
649779
649705
649547
649288
649180
649173
649161
649037
649032
648841
648399
648302
648239
648157
648127
648107
648095
648055
647976
647946
647808
647790
647607
647557
647501
647326
646939
646745
646610
646443
646419
646378
646204
646097
645947
645909
645892
645828
645664
645364
645152
645113
645102
645040
644993
644908
644440
644398
644381
644347
644190
643861
643586
643487
643461
643239
642951
642611
642602
642472
642347
642276
642241
642213
642005
641977
641770
641666
641531
641353
641270
641148
641076
640881
640852
640711
640619
640483
640348
640333
640328
640301
639831
639767
639516
639506
639330
639320
639280
639279
639135
639082
638798
638600
638555
638502
638122
637980
637892
637686
637468
637333
637235
637220
637028
636946
636705
636641
636583
636518
636459
636437
636325
636201
636183
636032
635979
635852
635839
635822
635596
635434
635357
635223
635183
635176
635161
635140
635079
635020
634969
634921
634888
634807
634673
634597
634469
634383
634277
634160
634034
633894
633795
633705
633697
633591
633567
633385
633384
633380
633243
632939
632838
632832
632811
632648
632635
632487
632388
632363
632349
632332
632205
632204
632155
631509
631450
631443
631291
631243
631225
631127
630847
630827
630791
630731
630652
630583
630484
630292
630282
630112
630016
629929
629886
629842
629794
629757
629712
629659
629607
629493
629267
629030
629009
628876
628794
628703
628627
628562
628500
628391
628355
628231
628058
628056
627908
627879
627873
627868
627660
627544
627155
627137
626981
626945
626742
626413
626225
626128
626071
626047
625927
625919
625880
625641
625494
625466
625448
625407
625355
625349
625173
625106
625063
624957
624940
624932
624925
624898
624879
624793
624725
624699
624647
624557
624515
624507
624477
624452
624350
624169
624164
623967
623936
623884
623746
623589
623433
623409
623183
623157
622970
622905
622783
622523
622255
622226
622209
622040
621870
621759
621733
621661
621431
621373
621357
621342
621252
621204
621171
621128
621026
620853
620711
620652
620636
620302
620201
620024
619763
619751
619537
619504
619454
619376
619255
619172
618995
618749
618661
618588
618517
618457
618447
618436
618324
618320
618274
618239
618212
618135
618130
618065
618000
617698
617649
617523
617460
617422
617413
617389
617358
617355
617353
617304
617090
616994
616992
616939
616895
616890
616880
616523
616482
616408
616371
616360
616078
616060
615911
615785
615724
615721
615468
615405
615368
615357
615338
615129
615112
615060
614878
614854
614853
614807
614681
614644
614555
614528
614230
614200
614144
614099
614042
613970
613883
613649
613543
613531
613429
613368
612912
612874
612692
612662
612586
612567
612475
612406
612393
612379
612200
612024
611906
611459
611427
611403
611175
611044
611003
610923
610890
610750
610385
610384
610288
609938
609884
609761
609735
609671
609618
609337
609310
609222
609219
609177
608899
608795
608720
608676
608590
608586
608345
608298
608293
608218
608144
608097
607806
607608
607518
607311
607303
607152
607143
607106
607049
607035
607012
606984
606626
606556
606548
606326
606293
606135
606132
606110
605714
605426
605412
605194
605149
605074
604822
604814
604739
604737
604641
604466
604348
604340
604325
604127
604109
604099
604050
604001
603915
603879
603804
603743
603719
603316
603295
603265
603236
603213
603196
603181
603176
603073
603065
602978
602464
602439
602303
602258
602210
601928
601756
601699
601665
601599
601563
601487
601464
601215
601120
600965
600843
600685
600347
600315
600210
600176
600164
600063
599950
599857
599691
599636
599636
599635
599615
599533
599510
599473
599452
599295
599224
599220
599097
598989
598928
598675
598323
598268
598213
597899
597750
597691
597689
597483
597445
597388
597371
597294
597248
597103
597094
597064
596951
596809
596804
596623
596501
596389
596321
596292
596108
596006
595901
595880
595360
595347
595153
595112
595091
595079
595053
595045
594875
594567
594460
594421
594385
594156
594125
594072
594045
593999
593889
593803
593766
593611
593558
593423
593419
593377
593221
593199
593156
593009
592787
592680
592662
592648
592635
592624
592611
592538
592496
592383
592362
592177
592118
592085
592055
592013
591986
591939
591800
591565
591491
591367
591323
591112
591023
590525
590523
590368
590339
590309
589952
589930
589818
589730
589725
589666
589557
589458
589374
589338
589231
589226
589208
589196
589176
589135
589027
588912
588858
588779
588705
588687
588573
588553
588207
588166
588094
588066
587926
587766
587562
587469
587417
587348
587235
587171
587139
587041
586753
586740
586498
586475
586245
586016
585919
585569
585558
585483
585470
585407
585392
585277
585203
585135
585078
585031
584902
584805
584690
584584
584577
584569
584398
584015
583866
583736
583621
583454
583425
583377
583264
582732
582704
582640
582571
582381
582367
582092
581843
581735
581484
581257
581146
581146
580971
580936
580827
580826
580601
580522
580392
580301
580265
580173
579846
579800
579587
579546
579437
579410
579267
579186
579167
579127
579098
578944
578895
578827
578769
578519
578516
578509
578454
578358
578300
578172
578141
578100
577980
577795
577765
577711
577697
577612
577333
577238
577165
577129
577125
577002
576951
576933
576870
576870
576829
576779
576771
576709
576663
576663
576640
576547
576524
576514
576462
576374
576247
576106
576101
576101
576029
576028
576011
575935
575861
575538
575426
575231
575106
574990
574581
574492
574436
574379
574253
574116
573921
573822
573734
573701
573421
573222
573179
573033
572868
572731
572724
572643
572562
572521
572480
572473
572387
572248
572239
572133
572116
572097
572091
572054
572001
571828
571793
571718
571668
571661
571657
571622
571602
571530
571452
571348
571219
571202
571057
570769
570542
570494
570473
570361
570349
570342
570117
570072
569958
569929
569900
569832
569789
569745
569631
569456
569430
569249
568974
568734
568691
568560
568467
568296
568292
568213
568176
568168
568133
568004
567958
567827
567824
567818
567791
567753
567628
567559
567544
567396
567261
567169
567135
567035
566915
566893
566893
566792
566718
566681
566660
566635
566622
566524
566400
566240
566207
566195
566170
566145
566076
565973
565865
565702
565654
565540
565517
565470
565465
565429
565403
565252
565245
565072
565048
564990
564972
564795
564599
564568
564523
564268
564178
564150
564114
564079
564077
564017
564008
563942
563937
563911
563728
563466
563438
563422
563376
563355
563095
562900
562885
562686
562580
562166
561916
561774
561546
561517
561377
561371
561356
561353
561174
561154
561032
560815
560793
560786
560617
560455
560435
560424
560353
560294
560230
560081
559780
559629
559425
559390
559314
559240
559084
559006
558689
558544
558542
558476
558473
558466
558300
558181
558079
558076
557984
557947
557935
557893
557444
557412
557323
557041
557026
556909
556393
556324
556257
556219
556052
555779
555561
555520
555413
555329
555235
555216
555148
555126
555026
554855
554824
554791
554630
554546
554542
554477
554365
554241
553871
553645
553570
553531
553508
553327
553204
553185
552890
552884
552830
552716
552637
552463
552414
552398
552259
552149
551936
551881
551843
551496
551396
551234
551127
551066
550906
550824
550700
550092
550088
550040
549957
549953
549882
549776
549681
549654
549603
549438
549434
549406
549269
549219
548703
548643
548615
548561
548430
548401
548280
548172
548137
548006
547996
547969
547800
547489
547396
547359
547230
547202
547080
547010
546984
546820
546804
546772
546770
546737
546589
546563
546363
546346
546343
546322
546130
546094
546050
546022
545941
545836
545820
545728
545422
545339
545252
545156
545145
544857
544547
544115
544082
543954
543912
543908
543903
543364
543360
543071
543024
542958
542920
542791
542523
542499
542461
542363
542342
542161
542161
542155
542144
541931
541900
541651
541567
541376
541251
541085
541007
540871
540760
540605
540478
540447
540353
540233
540112
539965
539923
539888
539754
539536
539502
539369
539304
539156
538986
538942
538887
538613
538503
538489
538089
538035
537858
537850
537777
537571
537534
537302
537260
537149
537140
537098
537047
536980
536946
536877
536874
536832
536670
536664
536591
536497
536401
536092
536013
535973
535930
535788
535787
535752
535705
535681
535624
535269
535136
535012
534848
534845
534842
534784
534706
534674
534434
534338
534173
534082
534022
533933
533811
533692
533555
533550
533549
533426
533363
533155
533024
532632
532405
532331
531919
531758
531724
531631
531609
531493
531410
531389
531328
531110
531085
531085
531040
530923
530830
530628
530592
530551
530533
530502
530439
530292
530198
530151
530109
530070
530045
529947
529917
529875
529835
529769
529714
529530
529362
529209
529089
529029
528899
528887
528878
528850
528826
528681
528619
528401
528397
528386
528362
528247
528217
528192
528152
528068
528035
527999
527858
527671
527568
527476
527471
527380
527246
527223
527164
527023
526949
526947
526748
526734
526712
526707
526691
526631
526538
526494
526129
526024
526018
526017
525933
525593
525487
525433
525338
525295
525197
525088
524970
524932
524913
524891
524865
524848
524640
524629
524439
524438
524391
524296
524228
524226
524109
524078
523818
523700
523661
523392
523366
523234
522870
522760
522748
522640
522564
522552
522537
522491
522403
522298
521347
521272
521151
521084
521042
521000
520996
520930
520846
520843
520821
520515
520459
520319
519565
519552
519514
519480
519195
519131
519074
519037
518917
518890
518807
518728
518565
518563
518416
518310
518212
518168
518154
518133
518122
517998
517971
517914
517710
517701
517587
517533
517287
517284
517167
517027
516881
516795
516395
516258
516247
516113
516036
515831
515820
515802
515656
515541
515455
515301
515006
514831
514775
514718
514602
514582
514026
513741
513691
513678
513652
513570
513565
513508
513329
513155
513125
513013
512947
512638
512419
512405
512302
512193
512012
511992
511939
511764
511757
511435
511264
511248
511215
511175
511039
510940
510626
510461
510422
510311
510209
510011
509975
509807
509649
509501
509489
509442
509405
509344
509321
509193
509160
509148
509038
508975
508963
508873
508871
508657
508621
508604
508342
508230
508212
508203
508156
508056
507805
507715
507707
507434
507412
507410
507226
506902
506798
506789
506759
506650
506502
506034
505815
505802
505747
505532
505150
505105
505091
504873
504754
504739
504718
504688
504616
504497
504428
504137
504127
504087
504044
504020
503933
503899
503831
503675
503596
503571
503180
502983
502719
502666
502590
502564
502361
502246
502045
501980
501898
501886
501860
501724
501471
501311
501217
501180
501173
501163
501129
501005
500970
500954
500871
500770
500407
500331
500144
499961
499862
499710
499668
499667
499635
499394
499336
499229
499118
498967
498890
498805
498770
498764
498704
498586
498562
498541
498540
498412
498390
498265
498175
498135
498042
497950
497837
497733
497726
497498
497483
497208
497003
497001
496986
496829
496436
496360
496332
496211
495893
495394
495313
495143
495016
494492
494379
494370
494349
494155
494097
493876
493838
493776
493757
493501
493438
493366
493296
493267
493204
493180
493153
493015
492983
492735
492679
492611
492477
492389
492352
492125
491982
491971
491759
491752
491737
491699
491659
491492
491490
491440
491387
491128
490922
490913
490856
490703
490212
490130
490102
489988
489982
489623
489543
489537
489242
489174
489076
488834
488824
488792
488721
488499
488277
487972
487894
487845
487619
487568
487551
487533
487400
487285
487217
486951
486799
486755
486714
486677
486554
486544
486519
486430
486209
486185
486089
486046
485850
485842
485836
485780
485718
485693
485616
485429
485239
485014
484949
484918
484832
484815
484775
484726
484721
484698
484697
484647
484553
484513
484182
484112
483978
483963
483917
483882
483879
483758
483714
483583
483579
483508
483295
483146
483115
483098
482982
482895
482835
482810
482649
482534
482452
482292
482253
481975
481651
481635
481629
481475
481258
481198
481092
481029
480977
480837
480710
480616
480582
480571
480525
480313
480257
480247
480006
479988
479870
479527
479504
479464
478906
478817
478749
478603
478465
478456
478376
478209
478188
478074
477924
477871
477735
477721
477577
477542
477444
477441
477033
477023
476739
476440
476361
476173
476171
476127
476065
476036
476031
475964
475772
475628
475347
475211
474919
474810
474809
474807
474237
474142
474067
474037
474034
473848
473843
473836
473811
473796
473696
473652
473554
473550
473453
473396
473282
472919
472918
472873
472868
472788
472295
472258
471871
471690
471665
471612
471584
471556
471248
471239
471156
470896
470767
470703
470537
470506
470385
470335
470318
470289
470153
470095
470070
470047
470017
469994
469934
469894
469874
469818
469734
469464
469424
469170
469153
469148
469146
469073
468870
468627
468576
468503
468174
468104
467918
467849
467845
467813
467670
467617
467585
467397
467381
467335
467245
467210
467205
467149
466814
466661
466559
466466
466403
466344
466027
465968
465653
465652
465410
465388
465311
465291
465141
465029
464976
464969
464922
464884
464794
464747
464709
464708
464705
464695
464415
464254
464168
464045
463819
463725
463607
463591
463444
463298
463214
463159
462999
462954
462760
462602
462425
462348
462170
462151
461997
461717
461505
461473
461311
461284
461049
461017
460742
460580
460531
460442
460374
460339
460339
460222
460164
460036
460013
460007
459577
459553
459428
459410
459222
458936
458933
458910
458881
458839
458767
458644
458611
458466
458453
458320
458275
458216
458198
458142
458136
458124
458124
457984
457918
457909
457839
457835
457800
457735
457637
457469
457275
457145
457000
456860
456830
456788
456750
456642
456554
456508
456476
456465
456299
456156
456069
455872
455745
455707
455700
455683
455326
455305
455298
455290
455232
455195
454961
454960
454899
454877
454444
454435
454426
454340
454339
454264
454247
454209
454080
454024
453985
453902
453831
453756
453485
453343
453277
453094
453092
453003
452812
452777
452649
452554
452502
452390
452244
452204
452120
452076
452032
452022
451786
451712
451596
451596
451596
451542
451411
451244
451146
451128
451126
451091
451049
450861
450839
450759
450752
450692
450678
450440
450368
450355
450122
449941
449860
449840
449753
449694
449678
449459
449459
449452
449330
449319
449300
449000
448605
448596
448503
448472
448430
448429
448383
448328
448269
448194
448172
448139
448079
448079
448037
448036
447855
447806
447727
447709
447575
447511
447455
447254
447182
447139
447069
446846
446828
446512
446440
446428
446216
446204
446061
445828
445751
445664
445326
445263
445252
445203
445104
445099
445006
444907
444890
444816
444759
444676
444521
444480
444431
444409
444295
444162
444105
444101
444074
444005
443951
443947
443924
443890
443836
443810
443521
443209
443196
443187
442972
442844
442833
442751
442660
442609
442401
442377
442293
442205
442130
442110
442078
441971
441928
441913
441909
441882
441563
441480
441453
441434
441431
441377
441332
441314
441261
441221
441184
441167
441018
440919
440806
440687
440669
440480
440455
440442
440431
440423
440368
440216
440195
440128
440040
440036
439963
439960
439921
439843
439615
439496
439337
439268
439252
439192
438999
438841
438810
438547
438534
438467
438406
438249
438028
437975
437961
437810
437727
437707
437666
437264
436791
436784
436542
436483
436426
436261
436174
436092
435979
435961
435959
435880
435754
435667
435663
435522
435282
435222
435071
434949
434909
434874
434740
434706
434662
434625
434522
434518
433927
433850
433791
433712
433675
433562
433495
433411
433374
433351
433297
432956
432652
432641
432532
432501
432394
432365
432364
432073
431940
431890
431710
431575
431498
431372
431203
431071
431053
430915
430891
430807
430622
430551
430373
430332
430281
430137
430102
430059
429840
429698
429570
429556
429442
429430
429243
429163
428732
428623
428516
428453
428398
428377
428364
428353
428169
428072
427941
427561
427391
427240
427229
427217
427103
427057
426945
426848
426734
426717
426652
426238
426066
426007
425753
425734
425724
425611
425441
425319
425239
425207
425184
424947
424887
424857
424808
424682
424657
424433
424244
424214
423973
423955
423534
423502
423370
423307
423211
423205
423087
422981
422935
422760
421766
421622
421379
421218
421157
421106
420959
420902
420817
420568
420496
420160
419741
419671
419623
419519
419465
419461
419356
419207
419202
419142
419061
419056
418822
418746
418731
418699
418655
418425
418335
418216
418102
418000
417875
417802
417592
417549
417430
417405
417105
417086
416917
416893
416864
416454
416302
416034
415591
415575
415522
415513
415407
415328
415322
415270
415247
415073
415039
415012
414991
414973
414972
414950
414840
414676
414627
414529
414373
414187
413960
413890
413814
413682
413659
413627
413411
413302
413209
413114
413057
413006
412992
412917
412703
412676
412584
412580
412320
411812
411747
411727
411672
411568
411526
411484
411381
411343
411287
411284
411259
411127
411089
410974
410370
410160
410117
410103
410061
409789
409764
409653
409559
409541
409500
409400
409389
409389
409361
409240
409210
409002
408997
408672
408524
408233
408077
407885
407688
407655
407446
407444
407049
407014
406979
406839
406832
406759
406644
406592
406465
406363
406264
406134
406012
405984
405957
405779
405742
405464
405337
405326
405262
405211
405099
405094
404956
404924
404912
404883
404542
404524
404520
404504
404481
404363
403926
403925
403771
403632
403585
403443
403264
403195
402973
402915
402753
402746
402724
402606
402437
402328
402242
402173
402069
402055
402001
401991
401969
401963
401803
401802
401785
401628
401617
401442
401428
401390
401319
401124
401100
400992
400591
400576
400517
400507
400338
400153
400027
400008
399982
399803
399611
399600
399422
399152
399059
398805
398652
398502
398490
398482
398441
398403
398333
398286
398018
398010
397953
397884
397864
397852
397823
397723
397677
397614
397550
397514
397391
397288
397179
397159
397107
397056
397051
396995
396782
396667
396657
396591
396512
396505
396369
396364
396252
396073
396065
396041
396014
395797
395747
395673
395411
395292
395184
395168
394909
394856
394797
394620
394556
394446
394357
394322
394238
393984
393780
393772
393457
393324
393237
393202
393157
393028
392990
392761
392701
392621
392484
392470
392414
392352
392331
392285
392236
392211
392111
392026
391950
391589
391492
391471
391426
391378
391131
391107
390915
390877
390782
390700
390694
390620
390467
390415
390325
390310
390308
390216
389964
389912
389880
389750
389683
389554
389502
389184
389056
388923
388837
388795
388792
388635
388635
388470
388414
388208
388146
388138
387884
387866
387733
387667
387595
387590
387379
387374
387235
387072
386856
386812
386688
386426
386395
386353
386314
386288
386227
386078
386062
386057
385992
385815
385779
385600
385403
385288
385223
385126
385120
385060
385049
384986
384976
384868
384758
384743
384708
384588
384340
384310
384148
384144
384115
383980
383973
383911
383885
383733
383649
383649
383463
383450
383450
383270
383239
383237
383176
383047
383007
382626
382603
382462
382316
382266
382219
382172
382171
381789
381656
381626
381416
381355
381145
381132
381108
381085
381014
380987
380978
380687
380591
380470
380462
380377
380351
380264
380249
380183
380059
379967
379908
379863
379752
379671
379635
379618
379575
379549
379443
379346
379221
379064
379047
378987
378911
378825
378788
378658
378574
378494
378425
378150
378117
378112
378035
377911
377844
377726
377693
377611
377574
377554
377548
377539
377483
377411
377390
377234
377218
377195
376813
376802
376760
376392
376135
376061
375953
375857
375663
375646
375640
375638
375506
375403
375332
375266
374969
374560
374513
374095
374049
373637
373463
373423
373293
373210
373087
373016
372983
372846
372834
372759
372556
372512
372455
372372
372116
372025
372014
371801
371721
371566
371472
371447
371419
371361
371345
371159
371129
371097
371087
371078
370909
370823
370789
370753
370612
370493
370436
370393
370302
370003
369984
369728
369637
369601
369420
369355
369149
369147
369135
368796
368754
368721
368569
368485
368405
368395
368313
368287
368084
367886
367806
367735
367591
367411
367395
367312
367219
367209
366536
366493
366435
366332
366195
366156
366039
365979
365863
365857
365838
365388
365348
365332
365305
365063
364851
364602
364166
364153
364091
364090
364039
363866
363557
363127
363031
363014
362985
362918
362557
362521
362504
362488
362477
362340
362328
362058
361852
361753
361659
361651
361213
361060
360963
360923
360860
360813
360637
360617
360070
359909
359871
359735
359666
359571
359561
359398
359235
359152
359099
359083
359057
359010
358820
358693
358604
358580
358569
358107
357972
357880
357751
357655
357585
357520
357511
357246
357224
357124
357044
356963
356857
356807
356509
356441
356161
355993
355783
355730
355700
355619
355455
355450
355395
355387
355228
355157
355086
355069
354867
354762
354753
354472
354250
354010
353991
353931
353865
353807
353786
353715
353602
353538
353515
353424
353178
353045
352960
352886
352803
352685
352613
352443
352170
351853
351649
351596
351542
351516
351105
351079
351078
351050
350905
350899
350827
350812
350712
350553
350523
350516
350039
349890
349804
349656
349560
349503
349446
349292
348961
348651
348642
348577
348346
348235
348105
348070
348057
347804
347755
347741
347608
347470
347319
347311
347204
347055
346877
346846
346738
346609
346595
346557
346535
346483
346420
346203
346191
346099
346085
345855
345663
345598
345528
345516
345511
345485
345474
345394
345291
345278
345224
345193
345022
344931
344927
344739
344677
344668
344375
344151
344119
344110
344067
344024
343952
343836
343833
343813
343634
343633
343596
343342
343213
343111
342567
342413
342306
342145
342075
341713
341671
341639
341377
341321
341312
341204
341191
341178
340996
340986
340748
340690
340664
340347
340187
340155
340064
340005
339831
339660
339317
338773
338734
338635
338532
338484
338381
338172
338165
338144
338125
338051
338028
337893
337857
337626
337602
337515
337495
337474
337278
337042
336812
336604
336546
336448
336390
336342
336330
336329
336329
336295
336254
336191
335709
335493
335483
335417
335372
335362
335340
335284
335003
334968
334790
334743
334695
334644
334410
334311
334273
334211
334152
334060
334021
333956
333912
333887
333858
333774
333642
333544
333517
333435
333406
333379
333346
333340
333256
333124
333009
332985
332835
332833
332757
332685
332300
332257
331812
331811
331777
331732
331539
331387
331363
331286
331201
331200
331188
331043
331027
330982
330943
330934
330820
330806
330485
330481
330446
330301
330245
329821
329486
329435
329388
329339
329288
329269
329266
329264
329205
329026
328993
328908
328898
328807
328797
328793
328764
328717
328716
328687
328512
328370
328303
328275
328267
328057
328031
327892
327880
327738
327395
327387
327324
327128
326914
326846
326784
326523
325992
325723
325695
325691
325611
325424
324909
324510
324395
324279
324137
324091
323972
323937
323825
323798
323097
323019
322868
322646
322278
322165
321954
321790
321655
321478
321454
321299
321294
321288
321191
320986
320867
320851
320809
320750
320162
320045
319914
319895
319823
319808
319789
319726
319660
319653
319522
319403
319337
319287
319240
319050
318980
318794
318791
318686
318652
318537
318461
318137
318098
318001
317811
317663
317582
317446
317256
316994
316876
316778
316765
316694
316563
316449
316423
316330
315975
315957
315906
315658
315600
315594
315582
315526
315322
315263
315226
315167
315006
314960
314948
314898
314865
314844
314838
314368
314044
313925
313855
313795
313694
313649
313289
312998
312937
312854
312743
312734
312671
312636
312593
312474
312466
312318
312296
312275
312086
311951
311859
311833
311589
311581
311442
311327
311066
311062
311035
310930
310871
310708
310231
310146
310134
310101
309849
309843
309772
309564
309428
309415
309093
309061
309026
308917
308787
308728
308460
308424
308413
308347
308284
308206
308143
308120
308056
307944
307852
307834
307779
307759
307512
307388
307311
307307
307303
307127
307103
307062
306941
306806
306636
306635
306440
306437
306266
306144
306110
306041
306016
305781
305718
305611
305576
305488
305485
305318
304952
304809
304781
304693
304635
304595
304567
304511
304386
304374
304321
304295
304042
304025
304008
303759
303651
303563
303464
303435
303416
303412
303396
303347
303299
303298
303286
303074
302974
302938
302558
302557
302546
302397
302266
302160
302077
302045
301988
301920
301838
301569
301315
301201
301152
301067
300986
300869
300846
300846
300695
300531
300509
300261
300231
300199
300031
299720
299659
299633
299414
299378
299306
299289
298969
298929
298817
298791
298461
298443
298311
298286
298260
297987
297682
297660
297617
297358
297284
297079
297002
296642
296554
296347
296319
296263
296161
295898
295871
295839
295760
295716
295593
295452
295113
294991
294958
294953
294918
294787
294737
294664
294635
294520
294494
294408
294405
294362
294249
294100
294053
294049
293877
293706
293680
293667
293656
293112
293049
292940
292747
292502
292493
292208
292104
292084
291949
291877
291778
291771
291758
291735
291574
291531
291531
291363
291335
291271
291151
291075
291005
290949
290868
290866
290776
290540
290475
290419
290376
290314
290228
289971
289949
289942
289932
289923
289887
289765
289508
289453
289412
289356
289171
289135
289057
289006
288979
288898
288805
288779
288598
288586
288451
288427
288339
288337
288147
288118
288109
287984
287805
287789
287738
287701
287679
287589
287576
287518
287517
287380
287373
287364
287179
287087
286990
286738
286645
286528
286236
286153
286086
286076
285865
285810
285690
285683
285623
285618
285604
285566
285233
285054
284982
284932
284897
284870
284799
284772
284751
284491
284484
284483
284471
284461
284456
284422
284410
284349
284317
284080
284063
284039
284007
283981
283807
283628
283520
283389
283377
283049
282680
282678
282509
282175
282168
282036
281954
281903
281867
281783
281686
281562
281557
281491
281274
281242
281147
281108
281009
280837
280814
280595
280556
280553
280478
280425
280273
280224
280154
280104
279960
279902
279664
279656
279642
279625
279597
279594
279405
279386
279322
279297
279270
279270
279246
279173
278947
278881
278862
278562
278250
278245
278219
278077
277781
277707
277624
277539
277527
277433
277380
277282
277055
276974
276971
276861
276616
276534
276243
276198
276102
276041
275871
275770
275717
275701
275694
275651
275620
275610
275445
275359
275329
275224
275134
274993
274848
274743
274705
274667
274572
274535
274510
274466
274431
274240
274132
274081
273970
273848
273770
273770
273744
273580
273578
273330
273316
273295
273099
273026
272961
272635
272610
272607
272598
272597
272568
272351
272338
272179
272167
272160
272122
272121
272064
271997
271758
271656
271538
271306
271070
271006
270949
270746
270695
270426
270239
270206
270171
270149
270124
269874
269765
269627
269499
269409
269265
268901
268895
268820
268782
268777
268696
268498
268335
267833
267636
267602
267453
267414
267320
267289
267155
267008
266899
266853
266422
266210
266197
266139
266093
265959
265880
265624
265509
265495
265407
265173
265147
265067
265040
264853
264771
264716
264603
263972
263970
263839
263799
263707
263620
263618
263484
263357
263237
263073
263044
262976
262871
262828
262764
262739
262581
262532
262268
262242
262202
262188
262105
262056
261983
261935
261915
261806
261802
261747
261667
261652
261547
261464
261382
261257
261158
261099
261086
260967
260895
260880
260861
260754
260659
260573
260536
260487
260376
260375
260341
260300
259964
259789
259727
259620
259553
259470
259370
259246
259141
258971
258916
258876
258646
258639
258608
258573
258554
258474
258323
258308
258149
258097
257812
257791
257652
257589
257396
257022
256998
256972
256692
256639
256588
256525
256452
256212
256172
256066
255789
255745
255685
255681
255645
255598
255571
255569
255537
255528
255370
255169
255040
254997
254953
254912
254512
254510
254303
254250
253538
253501
253200
253174
253119
253052
253045
253029
252948
252909
252770
252757
252583
252569
252566
252480
252270
252160
252109
251729
251715
251632
251537
251536
251400
251352
251162
251044
250963
250801
250710
250623
250474
250141
250085
250081
249978
249970
249848
249842
249711
249472
249433
249289
249251
249167
248926
248751
248727
248480
248463
248068
248058
248046
248029
247857
247798
247776
247667
247520
247504
247409
247286
247102
247029
246955
246916
246780
246647
246572
246532
246493
246425
246306
246065
245985
245950
245823
245798
245736
245619
245514
245449
245415
245302
245290
245234
245189
245108
245043
244993
244990
244952
244820
244818
244773
244742
244612
244582
244569
244232
244142
243839
243834
243834
243710
243598
243587
243554
243540
243320
243280
243231
243040
243002
242893
242849
242685
242552
242503
242477
242269
242199
242197
242038
241990
241987
241728
241599
241375
241027
241019
240863
240789
240692
240671
240610
240608
240563
240493
240476
240436
240401
240390
240213
240189
240118
239881
239558
239524
239361
239312
239257
239112
239041
239025
239010
238938
238721
238721
238601
238484
238476
238442
238394
238255
238244
238231
238117
238014
237970
237790
237738
237413
237358
237350
237328
237271
237143
237104
237082
236827
236800
236598
236497
236067
236039
235953
235921
235909
235874
235805
235798
235643
235627
235529
235521
235514
235298
235192
235144
235048
235035
234849
234784
234764
234523
234522
234478
234383
234355
234298
234119
233854
233654
233577
233488
233432
233406
233277
233249
233095
232941
232877
232867
232766
232758
232701
232542
232081
232025
231914
231728
231298
231187
231099
231079
231006
230864
230832
230596
230483
230466
230281
230204
229987
229734
229721
229676
229636
229535
229500
229410
229405
229243
229005
228993
228965
228965
228942
228920
228851
228827
228426
228425
228164
227901
227777
227670
227520
227458
227446
227424
227355
227340
227327
227221
227204
227151
227000
226573
226538
226533
226466
226395
226376
226320
226225
226000
225812
225519
225515
225482
225170
225028
224854
224718
224405
224301
224244
223851
223815
223761
223723
223701
223514
223366
223205
223131
223096
222913
222658
222329
222326
222310
222035
222019
221910
221841
221801
221691
221675
221396
221217
221209
221136
221079
221062
221042
221026
221003
220981
220837
220830
220792
220461
220388
220365
220259
220172
220163
219948
219947
219786
219518
219425
219391
219307
219180
219048
218710
218687
218630
218601
218552
218551
218466
218364
218247
218241
218187
217941
217672
217652
217570
217282
217227
216554
216306
216102
216020
215990
215917
215900
215666
215405
215110
215059
214661
214417
214349
214091
213792
213479
213368
213362
213204
213148
213033
213017
213010
213002
213002
212952
212702
212690
212677
212649
212641
212628
212476
212434
212307
212100
212027
211976
211879
211834
211714
211690
211684
211595
211522
211482
211468
211404
211337
211279
211233
211218
211039
210964
210903
210864
210762
210736
210673
210349
210326
210281
210059
210005
209988
209973
209864
209832
209765
209549
209525
209401
209329
208884
208839
208680
208639
208535
208394
208329
208316
208120
207999
207973
207933
207841
207754
207489
207242
207218
207160
207031
206984
206802
206770
206756
206730
206706
206632
206508
206484
206465
206286
206245
206139
205956
205956
205948
205907
205607
205599
205573
205136
205126
204930
204913
204911
204889
204822
204434
204225
204187
204162
204025
203896
203793
203713
203595
203538
203520
203511
203450
203389
203036
202818
202647
202514
202481
202397
202390
202313
202176
201889
201772
201770
201599
201594
201445
201397
201390
201138
201084
200839
200709
200669
200578
200574
200527
200289
200267
200215
200179
200118
200109
200051
199927
199624
199529
199499
199335
199118
199116
199084
199027
199022
198941
198900
198886
198761
198731
198690
198637
198516
198395
198383
198222
198051
197699
197576
197563
197472
197463
197390
197363
197341
197269
196951
196946
196917
196819
196783
196657
196258
196230
196193
196126
196101
196035
195856
195721
195672
195432
194999
194880
194728
194556
194339
194306
193962
193809
193624
193601
193539
193535
193272
193056
193024
192957
192922
192868
192827
192755
192736
192626
192557
192552
192450
192353
192300
192041
192015
191933
191847
191522
191393
191357
191320
191286
191217
191183
191059
191053
190788
190677
190613
190559
190491
190380
190292
190176
190149
189762
189733
189731
189716
189627
189451
189420
189330
189304
189304
189301
189207
189175
189051
188889
188880
188592
188539
188528
188308
188269
188261
188200
188062
188009
187820
187708
187697
187592
187459
187412
187372
187274
187191
187132
186940
186896
186793
186705
186673
186536
186381
186366
186245
186197
186091
185730
185607
185584
185493
185286
185276
185257
185115
184872
184603
184469
184465
184440
184404
184055
183970
183968
183808
183758
183700
183346
183200
183043
182938
182611
182438
182411
182376
182122
182092
182080
182062
181986
181955
181870
181587
181441
181367
181195
181135
181124
180908
180831
180677
180659
180618
180476
180395
180279
180203
180185
180138
180033
180003
179998
179871
179718
179577
179478
179291
179215
179161
179013
178963
178939
178768
178622
178617
178497
178458
178322
178286
178109
178102
178094
178074
177619
177457
177413
177332
177195
177170
177169
176820
176791
176769
176648
176573
176303
176191
176160
175988
175934
175902
175776
175730
175584
175414
175369
175320
175228
175086
174969
174837
174792
174739
174711
174688
174663
174526
174444
174434
174319
174001
173997
173938
173908
173861
173782
173758
173751
173398
173345
173337
173105
173062
172872
172860
172850
172795
172733
172718
172497
172438
172346
172300
172200
171885
171595
171582
171550
171542
171480
171247
171165
171121
170997
170777
170771
170752
170649
170617
170498
170484
170392
170350
170266
170200
170066
170058
169979
169684
169643
169323
169322
169315
169227
169138
168956
168925
168156
168028
167790
167660
167511
167496
167294
167197
167143
167031
166689
166646
166481
166286
166254
165990
165728
165700
165683
165616
165515
165476
165352
165337
165201
165029
165027
165018
164983
164717
164627
164594
164539
164512
164358
164352
164172
163756
163692
163451
163163
163073
163028
162924
162921
162819
162794
162674
162616
162609
162457
162434
162285
162177
161939
161787
161776
161632
161343
161197
161194
161119
160953
160778
160716
160664
160600
160427
160362
160322
160222
160207
160171
160092
159979
159750
159726
159684
159545
159400
159282
159209
158946
158907
158815
158770
158630
158620
158462
158458
158002
157963
157942
157927
157826
157761
157625
157613
157441
157385
157368
157173
156982
156853
156760
156757
156750
156691
156629
156430
156430
156428
156323
155998
155965
155880
155861
155746
155570
155423
155333
155259
155149
154974
154812
154806
154585
154349
154025
153929
153874
153657
153625
153613
153511
153460
153363
153206
153112
152992
152908
152657
152371
152095
152083
152063
152044
152025
151850
151807
151778
151586
151457
151289
150994
150686
150628
150354
150118
150090
150087
150021
149992
149973
149952
149891
149870
149778
149773
149730
149703
149673
149514
149456
149365
149327
149132
149064
148976
148973
148921
148823
148747
148493
148401
148381
148377
148324
148318
148252
148220
148199
148008
148003
147926
147890
147749
147708
147676
147667
147563
147434
146575
146521
146344
146253
146198
146151
146148
146003
145934
145911
145880
145795
145531
145386
145297
145077
145008
144968
144883
144765
144648
144613
144514
144504
144280
144251
144250
144227
144128
144054
143806
143709
143608
143524
143455
143015
142963
142931
142849
142838
142695
142198
142142
142082
142026
141991
141934
141850
141608
141600
141345
141235
141233
141061
140941
140902
140854
140829
140769
140731
140726
140676
140645
140624
140209
139983
139883
139877
139791
139751
139667
139658
139517
139334
139274
139008
139000
138686
138532
138493
138485
138412
138083
137936
137749
137469
137116
137046
136788
136725
136715
136629
136588
136431
136170
135994
135727
135652
135639
135626
135470
135192
135192
135074
134992
134915
134878
134864
134840
134808
134718
134671
134656
134617
134561
134475
134245
134198
134128
134063
133955
133736
133698
133649
133616
133479
133411
133366
133311
133299
133128
133002
133000
132893
132697
132665
132640
132462
132361
132306
132178
132046
131960
131927
131924
131921
131869
131855
131735
131671
131500
131473
131398
131331
131233
131134
131087
130968
130951
130921
130900
130867
130808
130760
130649
130522
130501
130489
130452
130276
130177
129946
129765
129743
129675
129610
129569
129497
129369
129291
129145
129102
128942
128932
128910
128850
128733
128572
128567
128372
128371
128332
128269
127906
127859
127840
127568
127376
126916
126894
126836
126776
126724
126603
126593
126573
126509
126473
125709
125538
125496
125446
125335
125047
124962
124944
124626
124435
124421
124340
124252
124090
124072
124034
123840
123773
123685
123667
123365
123315
123314
123266
123005
122866
122860
122816
122761
122610
122566
122554
122315
122106
122074
122059
121956
121934
121859
121722
121595
121570
121550
121538
121317
121120
121088
120972
120790
120714
120473
120284
120183
119693
119637
119602
119582
119396
119300
119294
119162
119101
118932
118739
118717
118696
118625
118357
118275
118273
117998
117991
117988
117988
117970
117686
117551
117489
117423
117403
117346
117324
117040
117010
116959
116915
116630
116627
116510
116479
116427
116415
116414
116406
116367
116257
116056
115907
115789
115595
115536
115354
115340
115216
115196
115182
115002
114834
114793
114762
114495
114342
114316
114123
114044
113811
113803
113585
113534
113226
112861
112803
112542
112527
112350
112166
112155
111990
111834
111461
111372
111318
111166
111119
110656
110640
110593
110570
110412
110324
110213
110195
110151
110140
110085
110020
109991
109958
109958
109810
109472
109390
109385
109223
109109
109032
108942
108892
108857
108627
108525
108479
108266
107819
107779
107702
107552
107495
107397
107368
107356
107334
107276
107204
107064
106771
106688
106672
106389
106157
106114
106095
106071
105987
105933
105928
105907
105893
105822
105613
105566
105524
105507
105448
105326
105316
105280
104951
104922
104696
104676
104611
104558
104473
104383
104297
104238
104179
104164
104147
104134
104059
103599
103490
103413
103294
103254
103220
103076
103030
102942
102619
102385
102309
102258
102150
102105
102040
101920
101825
101815
101776
101474
101440
101424
101164
101127
101116
101112
101059
101023
101021
100885
100829
100751
100747
100439
100284
100238
100110
100058
99973
99903
99885
99864
99811
99798
99781
99778
99707
99142
99079
98856
98791
98622
98568
98342
98322
98180
98125
98033
98019
97958
97898
97645
97455
97317
97227
96959
96950
96872
96807
96684
96682
96648
96347
96272
95847
95656
95618
95547
95546
95514
95268
95167
95142
95132
95042
95018
94990
94950
94912
94904
94826
94758
94726
94495
93951
93823
93777
93753
93700
93697
93556
93506
93353
93303
93249
93211
93134
93079
92550
92547
92471
92448
92432
92281
92173
92047
91796
91694
91685
91600
91567
91566
91462
91305
91216
91179
91167
90890
90808
90632
90592
90500
90250
90197
90166
90007
89911
89782
89687
89626
89607
89600
89590
89573
89537
89519
89484
89368
89192
89064
88957
88748
88662
88662
88295
88265
88246
87994
87840
87785
87598
87529
87312
87095
87032
87003
86756
86727
86497
86354
86353
86176
86148
85834
85682
85641
85284
85281
85175
84943
84804
84712
84707
84624
84505
84435
84419
83978
83555
83286
83259
83205
83169
83028
83009
82952
82814
82765
82759
82636
82537
82495
82464
82425
82323
82318
82302
82286
81997
81978
81929
81883
81645
81592
81490
81119
80863
80714
80604
80273
80272
80152
80063
80013
79986
79960
79904
79598
79400
79250
79243
79226
78976
78907
78868
78545
78362
78348
78338
78238
77985
77978
77790
77738
77277
77213
77093
77074
76893
76854
76613
76596
76437
76227
76020
75963
75891
75796
75716
75618
75521
75010
74904
74845
74761
74710
74706
74705
74622
74603
74558
74498
74472
74410
74394
74275
74274
74232
73991
73945
73926
73859
73742
73657
73570
73526
73524
73511
73331
73268
73151
73018
72933
72932
72789
72762
72583
72259
72065
72045
72041
71972
71948
71895
71674
71575
71528
71431
71354
71329
71300
71141
71010
70916
70897
70890
70867
70663
70654
70466
70399
70325
70319
70115
69933
69853
69738
69678
69573
69422
69395
69383
69308
69269
69031
68996
68830
68794
68768
68642
68476
68434
68321
68289
68198
68191
68156
67899
67809
67791
67716
67631
67440
67103
67100
66877
66770
66702
66689
66670
66609
66575
66521
66196
66077
66032
66029
65861
65736
65718
65407
65368
65357
65161
65121
64829
64793
64604
64484
64479
64360
64236
64054
64027
64001
64000
63958
63721
63361
63338
63258
63230
63002
62708
62640
62588
62423
62322
62289
62286
62285
62240
62228
61868
61725
61684
61538
61338
61302
61221
61014
60870
60688
60663
60570
60491
60467
60421
60332
60328
60034
59841
59453
59412
59394
59377
59356
59333
59317
59293
59232
59150
59064
59059
59041
58904
58834
58676
58530
58521
58438
58317
58284
58065
58051
57633
57631
57377
57144
57143
57036
56882
56840
56698
56676
56371
56358
56351
56324
56191
56186
55935
55904
55808
55726
55683
55117
55032
54754
54744
54684
54562
54512
54305
54287
54248
54128
54108
53503
53497
53413
53209
52995
52988
52872
52651
52571
52535
52507
52405
52298
52271
52185
52108
51972
51884
51701
51685
51660
51564
51219
51170
51119
51095
50990
50862
50817
50564
50363
50150
50066
49988
49713
49683
49642
49592
49554
49483
49452
49409
49387
49374
49309
49307
49214
49075
48988
48851
48819
48683
48443
48408
48042
47932
47766
47742
47554
47327
47097
46844
46588
46443
46391
46292
46205
46162
46028
45922
45833
45787
45700
45643
45641
45614
45585
45373
45352
45297
45171
45053
45023
44676
44609
44452
44450
44186
44144
44103
43976
43907
43885
43843
43819
43753
43224
43168
43023
42950
42734
42403
42292
42019
41938
41857
41795
41644
41595
41577
41504
41213
41188
41098
41090
41066
40943
40800
40789
40336
40179
40151
39960
39681
39618
39580
39427
39113
39105
38993
38882
38832
38725
38651
38481
38387
38315
38182
38134
38116
37963
37732
37688
37576
37574
37509
37020
36992
36981
36909
36840
36786
36711
36621
36428
36309
36173
36043
36022
35913
35893
35142
35057
35005
34812
34710
34645
34592
34099
33977
33963
33821
33782
33771
33721
33657
33649
33584
33462
33457
33208
33054
33028
32940
32822
32818
32694
32609
32543
32107
31958
31913
31894
31861
31774
31625
31528
31451
31363
31223
31046
30941
30917
30724
30679
30649
30624
30391
30376
30362
30291
30152
30039
30034
29954
29895
29891
29726
29539
29493
28698
28518
28405
28331
28301
28192
28171
28052
28005
27966
27900
27693
27523
27394
27323
27310
27186
27070
27043
26943
26914
26864
26854
26801
26760
26647
26329
26215
26211
26211
25377
25231
25110
25064
24916
24902
24500
24500
24403
24324
24086
23999
23832
23825
23773
23662
23651
23551
23527
23403
23305
23195
23056
22915
22503
22484
22309
22263
22242
22186
22030
21946
21734
21626
21599
21499
21441
21250
21230
21127
20980
20903
20739
20411
20260
19829
19690
19673
19572
19365
19344
19313
19281
19139
19076
19066
19013
18958
18806
18712
18545
18497
18465
18373
18240
18202
18147
18073
17791
17629
17425
17386
17267
17202
16910
16893
16690
16690
16434
16114
15786
15745
15660
15533
15518
15394
15344
15263
15176
15116
14816
14746
14639
14637
14500
14232
14173
14161
14135
14023
14017
13797
13752
13590
13547
13437
13326
13282
13089
13084
13017
13016
12816
12805
12781
12455
12395
12370
12286
12273
12106
11602
11591
11589
11576
11484
11366
11333
11319
11106
11026
10926
10907
10884
10507
10449
10292
9833
9786
9718
9698
9674
9591
9552
9508
9374
9295
9121
9018
8972
8654
8557
8504
8350
8345
8258
8250
8246
8085
7829
7651
7621
7544
7364
7200
7166
7162
7106
7040
6958
6952
6850
6808
6734
6676
6664
6599
6582
6572
6284
6240
6125
6121
6051
6014
6003
5623
5599
5595
5591
5475
5359
5335
5191
5149
4966
4892
4874
4846
4756
4755
4732
4710
4614
4600
4584
4573
4545
4536
4466
4388
4258
4250
4225
4102
4102
4094
4084
4046
4016
3977
3802
3350
3248
3141
3083
2879
2573
2552
2505
2348
2339
2131
2116
2105
1841
1685
1615
1599
1577
1459
1200
1148
1145
966
905
699
682
518
344
236
34
