1000
870326
618806
79176
942826
777217
73055
390977
377405
233784
603582
856814
824251
3815
875730
976125
984857
306434
214035
663062
932588
541572
77099
321670
791306
557922
541623
105984
324611
109527
285061
622424
798941
959898
496544
800344
194225
194239
967330
995013
298976
366235
272234
840862
577199
100647
227809
144857
177758
242304
846550
286443
875552
6292
659030
420190
270709
179169
336201
977519
278787
419831
477640
244688
693099
37935
890838
51623
489198
587148
780469
453730
859423
747480
642964
94141
950566
197575
855533
104947
292600
351330
302059
328753
385109
725229
85550
259450
94665
811418
799680
757004
179852
909365
671188
898625
910405
96457
399917
669410
749246
262616
448872
997071
993495
400090
5779
918500
772882
509893
449825
827842
256581
447375
723819
278136
939680
708538
139628
876659
533222
470066
252886
879579
634830
241176
414757
130059
293798
691333
900465
378166
934954
161191
715192
13947
721810
673200
284120
82289
381269
938364
905242
255633
71352
469514
632058
145810
433920
412534
326702
888069
965050
608920
255684
675615
252386
209
918703
485446
753666
308270
894477
51675
679198
565135
527745
961502
422166
895769
276175
971533
955002
150890
341508
429060
212028
361013
590359
390066
962525
361619
423559
560630
765400
826951
71050
196365
949776
710082
384315
328613
570820
441230
922860
339283
477420
834788
619432
886261
538239
974817
833998
783681
354689
70737
248733
407215
317099
155674
249619
76030
192384
825536
963973
887863
375773
270192
729054
59339
408636
405621
867521
814867
541092
257726
59062
949561
674654
159782
189240
547255
791762
198005
738640
742880
577094
231346
615304
338333
979224
308039
534134
785919
163500
380533
775142
354661
484973
146273
63769
177761
309553
553516
482297
338058
428179
7764
790722
75345
623205
612579
977913
842350
781094
171354
753596
627069
538429
423500
961019
948388
593980
56277
797566
472763
930395
463625
489216
991830
507465
305343
336896
326721
781846
460538
488314
319137
921752
104453
644878
366631
947476
51667
194585
142218
369583
513690
294083
645364
965180
56955
899689
827927
151379
502876
205471
656895
154353
906560
10593
584857
227375
709885
749175
452586
539567
127240
160238
969876
556864
934440
843792
763690
308162
807388
782136
599786
575641
202592
282154
999582
371148
7471
526146
521975
145032
987858
572249
38359
23628
229052
37831
65684
387869
383457
632176
571591
458578
962983
668957
208885
468802
104005
924463
831078
257204
368976
217678
615957
410581
234238
592243
447237
751055
761574
508762
908747
698783
741238
44428
237483
440971
851794
229187
381897
955154
372145
90232
482029
846187
734161
689579
712923
265115
426448
43810
693803
162477
59027
290170
389068
82622
43590
287643
574423
322371
945625
636770
921931
983301
735974
450298
7075
276348
178482
767959
819883
980813
662859
474303
762202
51158
14776
708865
826819
781905
950048
540454
954368
422917
204856
454280
992104
580296
553227
822135
984598
199934
160634
992219
272443
32059
907094
942228
216489
714148
676843
977974
371450
717309
424040
837502
53841
845398
362161
833677
312111
518913
94973
761071
389332
340252
270477
51777
564446
467293
396994
134769
897485
910588
64548
94448
396329
29372
100807
575013
417996
966394
643179
635977
627746
979844
505031
816309
428424
150653
153729
904553
631501
412578
747770
769014
637418
631962
774743
567174
853915
638271
283336
815808
658973
840756
335301
931789
429317
839597
947872
325562
314812
850019
626225
689179
173305
606263
47246
998351
889547
959395
178389
163013
534311
782095
219189
676499
935057
636792
440652
10445
491030
663404
538001
781548
518902
549505
620991
415246
422875
585698
635923
266045
647684
710741
108483
430085
435596
698085
113466
891763
789348
828342
95126
927797
8911
266023
132339
793491
417012
273832
835077
904384
897363
901644
568338
403869
35597
26944
59707
172688
650579
558132
222466
145138
633153
280512
610160
135567
621023
429818
795030
238613
625157
265633
252791
230085
814754
379846
201626
839260
398024
255798
916214
232298
291453
287959
501461
221476
968605
833581
631288
702345
245645
881828
211613
916942
155616
532430
887278
257366
348799
508752
467688
260521
478383
397196
286948
779965
428204
236070
92362
42134
513558
887387
66299
525366
392931
134097
615490
969330
761522
406298
191680
382729
32464
370352
246111
621368
283206
954886
747615
545239
158963
993979
264521
903053
58920
833199
333908
318466
327055
216046
441211
116936
663344
268538
877824
380478
979250
546118
99478
667994
520121
434291
2623
781943
360505
318569
577103
799700
215831
734938
882578
530014
68074
586910
574007
234989
787602
384610
491951
772671
673684
271942
934357
191171
773076
47782
716205
40217
409517
442087
502803
603591
627632
706581
794688
503969
375205
665002
581607
620832
332206
92325
996202
138685
534565
913084
623623
311021
687667
12828
892695
657641
595946
542019
552455
701726
170103
935822
184613
740267
214187
706378
279639
412990
234169
31676
404628
983613
114734
50667
472031
523197
177362
744609
864957
569073
731736
599458
851480
360233
967664
587419
874028
514327
114610
643811
146531
604895
579298
478797
586083
993459
127963
998478
846536
347765
20846
315082
696369
835297
13908
520565
537147
155832
911669
349616
361450
766226
461378
734312
204113
46080
75864
693610
62329
968476
404928
228509
47969
844440
607517
939655
496716
33522
528133
467018
28940
752358
625798
605974
607789
397502
482652
570561
97381
434154
665570
338075
654573
22928
579228
231910
153893
349894
623918
243875
269998
945038
413382
516984
675915
582175
275904
779558
89494
701843
444025
651128
29186
170123
952184
8627
845114
118855
752142
479305
124053
257765
485383
355408
18767
516366
667324
673856
672092
870690
507930
672761
627220
748244
880746
691717
39092
995071
576789
548060
556708
95873
194656
893738
498019
550989
920913
718480
954320
217561
860418
317419
939988
547887
28363
830628
543430
275328
388619
692463
818530
124730
448594
428962
338682
363492
33570
797193
49231
109732
398356
521188
928369
280823
371258
67363
74790
63317
306270
958775
397846
757904
505963
506560
680086
593897
898758
271723
406197
76378
847298
147256
369387
311167
817406
805846
199840
683942
33587
220926
380321
974828
635350
150158
892917
837077
337524
652509
509525
955552
133305
922194
82368
775109
355962
255306
551152
303388
314536
278335
445181
634888
564659
245174
637615
591944
852578
818895
714682
966418
181554
786291
212816
200128
375080
998550
754584
537253
992891
697306
482472
213852
416846
594824
5527
883740
300027
327123
198726
890374
924896
763026
128442
329870
451513
744004
778924
863580
424567
795970
522809
47496
67876
656864
8620
11495
333409
866106
456200
692858
802371
483007
295595
289166
686145
999402
158200
165257
220047
34806
659627
866310
231339
529918
91215
674069
830251
104878
583380
636555
764161
894664
782428
685701
348266
927561
991444
542730
719824
12231
467402
913174
673124
83534
