1000
999582
999402
998550
998478
998351
997071
996202
995071
995013
993979
993495
993459
992891
992219
992104
991830
991444
987858
984857
984598
983613
983301
980813
979844
979250
979224
977974
977913
977519
976125
974828
974817
971533
969876
969330
968605
968476
967664
967330
966418
966394
965180
965050
963973
962983
962525
961502
961019
959898
959395
958775
955552
955154
955002
954886
954368
954320
952184
950566
950048
949776
949561
948388
947872
947476
945625
945038
942826
942228
939988
939680
939655
938364
935822
935057
934954
934440
934357
932588
931789
930395
928369
927797
927561
924896
924463
922860
922194
921931
921752
920913
918703
918500
916942
916214
913174
913084
911669
910588
910405
909365
908747
907094
906560
905242
904553
904384
903053
901644
900465
899689
898758
898625
897485
897363
895769
894664
894477
893738
892917
892695
891763
890838
890374
889547
888069
887863
887387
887278
886261
883740
882578
881828
880746
879579
877824
876659
875730
875552
874028
870690
870326
867521
866310
866106
864957
863580
860418
859423
856814
855533
853915
852578
851794
851480
850019
847298
846550
846536
846187
845398
845114
844440
843792
842350
840862
840756
839597
839260
837502
837077
835297
835077
834788
833998
833677
833581
833199
831078
830628
830251
828342
827927
827842
826951
826819
825536
824251
822135
819883
818895
818530
817406
816309
815808
814867
814754
811418
807388
805846
802371
800344
799700
799680
798941
797566
797193
795970
795030
794688
793491
791762
791306
790722
789348
787602
786291
785919
783681
782428
782136
782095
781943
781905
781846
781548
781094
780469
779965
779558
778924
777217
775142
775109
774743
773076
772882
772671
769014
767959
766226
765400
764161
763690
763026
762202
761574
761522
761071
757904
757004
754584
753666
753596
752358
752142
751055
749246
749175
748244
747770
747615
747480
744609
744004
742880
741238
740267
738640
735974
734938
734312
734161
731736
729054
725229
723819
721810
719824
718480
717309
716205
715192
714682
714148
712923
710741
710082
709885
708865
708538
706581
706378
702345
701843
701726
698783
698085
697306
696369
693803
693610
693099
692858
692463
691717
691333
689579
689179
687667
686145
685701
683942
680086
679198
676843
676499
675915
675615
674654
674069
673856
673684
673200
673124
672761
672092
671188
669410
668957
667994
667324
665570
665002
663404
663344
663062
662859
659627
659030
658973
657641
656895
656864
654573
652509
651128
650579
647684
645364
644878
643811
643179
642964
638271
637615
637418
636792
636770
636555
635977
635923
635350
634888
634830
633153
632176
632058
631962
631501
631288
627746
627632
627220
627069
626225
625798
625157
623918
623623
623205
622424
621368
621023
620991
620832
619432
618806
615957
615490
615304
612579
610160
608920
607789
607517
606263
605974
604895
603591
603582
599786
599458
595946
594824
593980
593897
592243
591944
590359
587419
587148
586910
586083
585698
584857
583380
582175
581607
580296
579298
579228
577199
577103
577094
576789
575641
575013
574423
574007
572249
571591
570820
570561
569073
568338
567174
565135
564659
564446
560630
558132
557922
556864
556708
553516
553227
552455
551152
550989
549505
548060
547887
547255
546118
545239
543430
542730
542019
541623
541572
541092
540454
539567
538429
538239
538001
537253
537147
534565
534311
534134
533222
532430
530014
529918
528133
527745
526146
525366
523197
522809
521975
521188
520565
520121
518913
518902
516984
516366
514327
513690
513558
509893
509525
508762
508752
507930
507465
506560
505963
505031
503969
502876
502803
501461
498019
496716
496544
491951
491030
489216
489198
488314
485446
485383
484973
483007
482652
482472
482297
482029
479305
478797
478383
477640
477420
474303
472763
472031
470066
469514
468802
467688
467402
467293
467018
463625
461378
460538
458578
456200
454280
453730
452586
451513
450298
449825
448872
448594
447375
447237
445181
444025
442087
441230
441211
440971
440652
435596
434291
434154
433920
430085
429818
429317
429060
428962
428424
428204
428179
426448
424567
424040
423559
423500
422917
422875
422166
420190
419831
417996
417012
416846
415246
414757
413382
412990
412578
412534
410581
409517
408636
407215
406298
406197
405621
404928
404628
403869
400090
399917
398356
398024
397846
397502
397196
396994
396329
392931
390977
390066
389332
389068
388619
387869
385109
384610
384315
383457
382729
381897
381269
380533
380478
380321
379846
378166
377405
375773
375205
375080
372145
371450
371258
371148
370352
369583
369387
368976
366631
366235
363492
362161
361619
361450
361013
360505
360233
355962
355408
354689
354661
351330
349894
349616
348799
348266
347765
341508
340252
339283
338682
338333
338075
338058
337524
336896
336201
335301
333908
333409
332206
329870
328753
328613
327123
327055
326721
326702
325562
324611
322371
321670
319137
318569
318466
317419
317099
315082
314812
314536
312111
311167
311021
309553
308270
308162
308039
306434
306270
305343
303388
302059
300027
298976
295595
294083
293798
292600
291453
290170
289166
287959
287643
286948
286443
285061
284120
283336
283206
282154
280823
280512
279639
278787
278335
278136
276348
276175
275904
275328
273832
272443
272234
271942
271723
270709
270477
270192
269998
268538
266045
266023
265633
265115
264521
262616
260521
259450
257765
257726
257366
257204
256581
255798
255684
255633
255306
252886
252791
252386
249619
248733
246111
245645
245174
244688
243875
242304
241176
238613
237483
236070
234989
234238
234169
233784
232298
231910
231346
231339
230085
229187
229052
228509
227809
227375
222466
221476
220926
220047
219189
217678
217561
216489
216046
215831
214187
214035
213852
212816
212028
211613
208885
205471
204856
204113
202592
201626
200128
199934
199840
198726
198005
197575
196365
194656
194585
194239
194225
192384
191680
191171
189240
184613
181554
179852
179169
178482
178389
177761
177758
177362
173305
172688
171354
170123
170103
165257
163500
163013
162477
161191
160634
160238
159782
158963
158200
155832
155674
155616
154353
153893
153729
151379
150890
150653
150158
147256
146531
146273
145810
145138
145032
144857
142218
139628
138685
135567
134769
134097
133305
132339
130059
128442
127963
127240
124730
124053
118855
116936
114734
114610
113466
109732
109527
108483
105984
104947
104878
104453
104005
100807
100647
99478
97381
96457
95873
95126
94973
94665
94448
94141
92362
92325
91215
90232
89494
85550
83534
82622
82368
82289
79176
77099
76378
76030
75864
75345
74790
73055
71352
71050
70737
68074
67876
67363
66299
65684
64548
63769
63317
62329
59707
59339
59062
59027
58920
56955
56277
53841
51777
51675
51667
51623
51158
50667
49231
47969
47782
47496
47246
46080
44428
43810
43590
42134
40217
39092
38359
37935
37831
35597
34806
33587
33570
33522
32464
32059
31676
29372
29186
28940
28363
26944
23628
22928
20846
18767
14776
13947
13908
12828
12231
11495
10593
10445
8911
8627
8620
7764
7471
7075
6292
5779
5527
3815
2623
209
